--Meta Data--,,,,,,,,,
Start Time(UTC),LoggerName,Pck,Vin,,,,,,
11/14/2018 13:37,9170-0393,,,,,,,,
,,,,,,,,,
--Raw Data--,,,,,,,,,
Timestamp(ms),Altitude[m],HV Battery Current[A],HV Battery SOC[%],HV Battery Voltage[V],Is Driving[bool],Latitude[deg],Longitude[deg],OAT[degC],Vehicle Speed[km/h]
0,0,0,0,0,0,0,0,0,0
200,0,0,0,0,0,0,0,0,0
1200,0,-1.75,74.5,338.75,1,0,0,0,0
2200,0,-1.75,74.5,338.75,1,0,0,0,0
3200,0,-1.75,74.5,338.75,1,0,0,0,0
4200,0,-1.75,74.5,338.75,1,0,0,0,0
5200,81,-4.25,74.5,339,1,41.481155,-71.52544917,2,1
6200,81,-4.25,74.5,339,1,41.481155,-71.52544917,2,2
7200,81,-4.25,74.5,338.75,1,41.481155,-71.52544917,2,0
8200,81,-14.75,74.5,338.5,1,41.481155,-71.52544917,2,0
9200,81,-14.75,74.5,338.5,1,41.481155,-71.52544917,2,0
10200,81,-14.75,74.5,338.5,1,41.481155,-71.52544917,2,0
11200,81,-24.5,74.5,338,1,41.481155,-71.52544917,2,7
12200,81,-24.5,74.5,337.75,1,41.481155,-71.52544917,2,13
13200,81,-24.5,74.5,336,1,41.481155,-71.52544917,2,23
14200,81,-64.25,74.5,333,1,41.481155,-71.52544917,2,23
15200,79,-106.5,74.5,333,1,41.48129444,-71.52549389,2,23
16200,79,-181.75,74.5,328.75,1,41.48129444,-71.52549389,2,41
17200,79,-7.5,74.5,337.5,1,41.48129444,-71.52549389,2,42
18200,79,-7,74.5,338.25,1,41.48129444,-71.52549389,2,42
19200,79,-3.75,74.5,338.5,1,41.48129444,-71.52549389,2,42
20200,79,1,74.5,338.5,1,41.48129444,-71.52549389,2,42
21200,79,-1,74.5,338.5,1,41.48129444,-71.52549389,2,42
22200,79,0.5,74.5,338.5,1,41.48129444,-71.52549389,2,43
23200,79,0.5,74.5,338.5,1,41.48129444,-71.52549389,2,43
24200,79,0,74.5,338.75,1,41.48129444,-71.52549389,2,43
25200,77.59999847,16,74.5,339,1,41.48233667,-71.52564278,2,43
26200,77.59999847,34,74.5,340.75,1,41.48233667,-71.52564278,2,39
27200,77.59999847,36.5,74.5,341,1,41.48233667,-71.52564278,2,36
28200,77.59999847,23,74.5,340.5,1,41.48233667,-71.52564278,2,32
29200,77.59999847,46.75,74.5,341.75,1,41.48233667,-71.52564278,2,28
30200,77.59999847,34.5,74.5,341.5,1,41.48233667,-71.52564278,2,23
31200,77.59999847,28.5,74.5,340.5,1,41.48233667,-71.52564278,2,19
32200,77.59999847,18.5,74.5,340.25,1,41.48233667,-71.52564278,2,9
33200,77.59999847,3,74.5,339.5,1,41.48233667,-71.52564278,2,9
34200,77.59999847,-4,74.5,339,1,41.48233667,-71.52564278,2,7
35200,78,-5.75,74.5,339,1,41.48288417,-71.52579222,2,7
36200,78,-6.25,74.5,339,1,41.48288417,-71.52579222,2,7
37200,78,-6.75,74.5,338.75,1,41.48288417,-71.52579222,2,7
38200,78,-7.5,74.5,338.75,1,41.48288417,-71.52579222,2,7
39200,78,-7.5,74.5,338.75,1,41.48288417,-71.52579222,2,7
40200,78,-7,74.5,338.75,1,41.48288417,-71.52579222,2,5
41200,78,-9.25,74.5,338.75,1,41.48288417,-71.52579222,2,5
42200,78,-10.25,74.5,339,1,41.48288417,-71.52579222,2,4
43200,78,-16.75,74.5,338.75,1,41.48288417,-71.52579222,2,6
44200,78,0.25,74.5,339.25,1,41.48288417,-71.52579222,2,7
45200,78,-4.75,74.5,339,1,41.48288417,-71.52579222,2,3
46200,78,-4.75,74.5,339,1,41.48288417,-71.52579222,2,3
47200,78,-4.75,74.5,339,1,41.48288417,-71.52579222,2,3
48200,78.19999695,-7.25,74.5,338.75,1,41.48304861,-71.52582417,2,9
49200,78.19999695,-7.25,74.5,338.75,1,41.48304861,-71.52582417,2,13
50200,78.19999695,-78,74.5,335,1,41.48304861,-71.52582417,2,24
51200,78.19999695,-133,74.5,331.75,1,41.48304861,-71.52582417,2,36
52200,78.19999695,-158,74.5,328,1,41.48304861,-71.52582417,2,40
53200,78.19999695,-34,74.5,336.5,1,41.48304861,-71.52582417,2,40
54200,78.19999695,-0.5,74.5,338.25,1,41.48304861,-71.52582417,2,40
55200,78.19999695,-0.5,74.5,338.25,1,41.48304861,-71.52582417,2,39
56200,78.19999695,1,74.5,338.25,1,41.48304861,-71.52582417,2,39
57200,78.19999695,-3.75,74.5,338.5,1,41.48304861,-71.52582417,2,38
58200,77.19999695,-5,74.5,338.25,1,41.48385083,-71.52588417,2,38
59200,77.19999695,-4,74.5,338.5,1,41.48385083,-71.52588417,2,38
60200,77.19999695,-5,74.5,338.25,1,41.48385083,-71.52588417,2,38
61200,77.19999695,-4.75,74.5,338.5,1,41.48385083,-71.52588417,2,37
62200,77.19999695,-12.75,74.5,338.25,1,41.48385083,-71.52588417,2,37
63200,77.19999695,-4,74.5,338.5,1,41.48385083,-71.52588417,2,36
64200,77.19999695,-7,74.5,338.5,1,41.48385083,-71.52588417,2,36
65200,77.19999695,-7,74.5,338.5,1,41.48385083,-71.52588417,2,36
66200,77.19999695,-7,74.5,337,1,41.48385083,-71.52588417,2,36
67200,77.19999695,-38.75,74.5,337,1,41.48385083,-71.52588417,2,36
68200,76.69999695,-10.75,74.5,338.5,1,41.48477194,-71.52594361,2,35
69200,76.69999695,1.75,74.5,338.75,1,41.48477194,-71.52594361,2,34
70200,76.69999695,-0.5,74.5,338.75,1,41.48477194,-71.52594361,2,33
71200,76.69999695,-0.5,74.5,338.75,1,41.48477194,-71.52594361,2,30
72200,76.69999695,47.75,74.5,341.5,1,41.48477194,-71.52594361,2,25
73200,76.69999695,44,74.5,341.5,1,41.48477194,-71.52594361,2,19
74200,76.69999695,26,74.5,340.5,1,41.48477194,-71.52594361,2,15
75200,76.69999695,11,74.5,339.75,1,41.48477194,-71.52594361,2,12
76200,76.69999695,0.5,74.5,339.25,1,41.48477194,-71.52594361,2,12
77200,76.69999695,-4,74.5,339,1,41.48477194,-71.52594361,2,11
78200,76.30000305,-4,74.5,339,1,41.48531472,-71.52594083,2,11
79200,76.30000305,1.75,74.5,339.25,1,41.48531472,-71.52594083,2,10
80200,76.30000305,0,74.5,339.25,1,41.48531472,-71.52594083,2,7
81200,76.30000305,-4,74.5,339,1,41.48531472,-71.52594083,2,6
82200,76.30000305,-6.5,74.5,338.75,1,41.48531472,-71.52594083,2,7
83200,76.30000305,-4.5,74.5,339,1,41.48531472,-71.52594083,2,4
84200,76.30000305,-5.25,74.5,339,1,41.48531472,-71.52594083,2,4
85200,76.30000305,-5,74.5,338.75,1,41.48531472,-71.52594083,2,1
86200,76.30000305,-5.5,74.5,339,1,41.48531472,-71.52594083,2,1
87200,76.30000305,-31.75,74.5,338,1,41.48531472,-71.52594083,2,7
88200,77.09999847,-31.75,74.5,337.5,1,41.48544778,-71.52594861,2,7
89200,77.09999847,-54.75,74.5,336,1,41.48544778,-71.52594861,2,20
90200,77.09999847,-73.5,74.5,335,1,41.48544778,-71.52594861,2,27
91200,77.09999847,-73.5,74.5,335,1,41.48544778,-71.52594861,2,31
92200,77.09999847,-72.75,74.5,336.75,1,41.48544778,-71.52594861,2,32
93200,77.09999847,-23.5,74.5,336.75,1,41.48544778,-71.52594861,2,32
94200,77.09999847,-0.75,74.5,338.5,1,41.48544778,-71.52594861,2,32
95200,77.09999847,0.5,74.5,338.75,1,41.48544778,-71.52594861,2,32
96200,77.09999847,-0.25,74.5,338.75,1,41.48544778,-71.52594861,2,32
97200,77.09999847,-3.5,74.5,338.75,1,41.48544778,-71.52594861,2,32
98200,73.5,-4,74.5,338.5,1,41.48611778,-71.52588167,2,32
99200,73.5,-3.75,74.5,338.75,1,41.48611778,-71.52588167,2,32
100200,73.5,-3.75,74.5,338.75,1,41.48611778,-71.52588167,2,32
101200,73.5,-60.75,74.5,336.25,1,41.48611778,-71.52588167,2,34
102200,73.5,-1.5,74.5,338.5,1,41.48611778,-71.52588167,2,33
103200,73.5,-3.75,74.5,338.5,1,41.48611778,-71.52588167,2,33
104200,73.5,-3.75,74.5,338.75,1,41.48611778,-71.52588167,2,32
105200,73.5,20,74.5,339.75,1,41.48611778,-71.52588167,2,26
106200,73.5,46.25,74.5,341.5,1,41.48611778,-71.52588167,2,26
107200,73.5,35,74.5,341.25,1,41.48611778,-71.52588167,2,14
108200,72.19999695,25,74.5,340.75,1,41.48682583,-71.52565444,2,7
109200,72.19999695,-1,74.5,339.25,1,41.48682583,-71.52565444,2,3
110200,72.19999695,-5.25,74.5,339,1,41.48682583,-71.52565444,2,3
111200,72.19999695,-5.75,74.5,338.75,1,41.48682583,-71.52565444,2,1
112200,72.19999695,-6.25,74.5,338.75,1,41.48682583,-71.52565444,2,2
113200,72.19999695,-16.75,74.5,338.25,1,41.48682583,-71.52565444,2,8
114200,72.19999695,-38.75,74.5,337,1,41.48682583,-71.52565444,2,15
115200,72.19999695,-62.25,74.5,336,1,41.48682583,-71.52565444,2,21
116200,72.19999695,-48.25,74.5,336.75,1,41.48682583,-71.52565444,2,26
117200,72.19999695,-48.25,74.5,334.75,1,41.48682583,-71.52565444,2,26
118200,70.69999695,-76,74.5,338.5,1,41.48709889,-71.52554306,2,28
119200,70.69999695,-1.25,74.5,338.5,1,41.48709889,-71.52554306,2,28
120200,70.69999695,-0.5,74.5,338.75,1,41.48709889,-71.52554306,2,28
121200,70.69999695,-1.5,74.5,338.75,1,41.48709889,-71.52554306,2,27
122200,70.69999695,-15.25,74.5,338.25,1,41.48709889,-71.52554306,2,27
123200,70.69999695,-2.25,74.5,338.75,1,41.48709889,-71.52554306,2,27
124200,70.69999695,-16.5,74.5,337.75,1,41.48709889,-71.52554306,2,28
125200,70.69999695,-49,74.5,336.25,1,41.48709889,-71.52554306,2,29
126200,70.69999695,-64.5,74.5,335,1,41.48709889,-71.52554306,2,32
127200,70.69999695,-78,74.5,334.25,1,41.48709889,-71.52554306,2,36
128200,65.90000153,-69,74.5,334,1,41.48780694,-71.52525333,2,40
129200,65.90000153,-59,74.5,335.5,1,41.48780694,-71.52525333,2,42
130200,65.90000153,-33,74.5,336.25,1,41.48780694,-71.52525333,2,44
131200,65.90000153,-30.5,74.5,336.75,1,41.48780694,-71.52525333,2,45
132200,65.90000153,-5,74.5,337.75,1,41.48780694,-71.52525333,2,45
133200,65.90000153,-37.75,74.5,336.75,1,41.48780694,-71.52525333,2,45
134200,65.90000153,-40.5,74.5,336.25,1,41.48780694,-71.52525333,2,46
135200,65.90000153,-13,74.5,337.25,1,41.48780694,-71.52525333,2,48
136200,65.90000153,-22.25,74.5,335.5,1,41.48780694,-71.52525333,2,48
137200,65.90000153,-64.75,74.5,334.5,1,41.48780694,-71.52525333,2,50
138200,67.90000153,-11.5,74.5,337.25,1,41.48889528,-71.52465278,2,51
139200,67.90000153,-4.25,74.5,337.75,1,41.48889528,-71.52465278,2,51
140200,67.90000153,-4.25,74.5,337.75,1,41.48889528,-71.52465278,2,50
141200,67.90000153,-5.5,74.5,338,1,41.48889528,-71.52465278,2,50
142200,67.90000153,2,74.5,338,1,41.48889528,-71.52465278,2,50
143200,67.90000153,74.75,74.5,343.25,1,41.48889528,-71.52465278,2,46
144200,67.90000153,56.5,74.5,342.25,1,41.48889528,-71.52465278,2,41
145200,67.90000153,81.5,74.5,343.5,1,41.48889528,-71.52465278,2,35
146200,67.90000153,72.25,74.5,343.25,1,41.48889528,-71.52465278,2,28
147200,67.90000153,30,74.5,341,1,41.48889528,-71.52465278,1,22
148200,62.59999847,21,74.5,340.25,1,41.48977917,-71.52425278,1,19
149200,62.59999847,28.75,74.5,340.75,1,41.48977917,-71.52425278,1,14
150200,62.59999847,11.5,74.5,340,1,41.48977917,-71.52425278,1,9
151200,62.59999847,-1,74.5,339.25,1,41.48977917,-71.52425278,1,6
152200,62.59999847,-1,74.5,339,1,41.48977917,-71.52425278,1,7
153200,62.59999847,-0.5,74.5,339.25,1,41.48977917,-71.52425278,1,6
154200,62.59999847,-1,74.5,339,1,41.48977917,-71.52425278,1,3
155200,62.59999847,-1.5,74.5,339,1,41.48977917,-71.52425278,1,3
156200,62.59999847,-10,74.5,338.5,1,41.48977917,-71.52425278,1,6
157200,62.59999847,-0.75,74.5,339,1,41.48977917,-71.52425278,1,7
158200,61.5,-1.25,74.5,339,1,41.48993333,-71.52417722,1,4
159200,61.5,-1.25,74.5,338.75,1,41.48993333,-71.52417722,1,2
160200,61.5,-9.5,74.5,338.5,1,41.48993333,-71.52417722,1,3
161200,61.5,-9.5,74.5,337,1,41.48993333,-71.52417722,1,10
162200,61.5,-38.5,74.5,335.5,1,41.48993333,-71.52417722,1,17
163200,61.5,-57,74.5,334.75,1,41.48993333,-71.52417722,1,22
164200,61.5,-75,74.5,333.5,1,41.48993333,-71.52417722,1,28
165200,61.5,-96.75,74.5,333.5,1,41.48993333,-71.52417722,1,28
166200,61.5,-136.5,74.5,330.75,1,41.48993333,-71.52417722,1,35
167200,61.5,-105.5,74,331.25,1,41.48993333,-71.52417722,1,41
168200,61.5,-91.25,74,332.75,1,41.48993333,-71.52417722,1,44
169200,66.40000153,-65.5,74,334,1,41.48980694,-71.52336361,1,46
170200,66.40000153,-70.5,74,334.25,1,41.48980694,-71.52336361,1,46
171200,66.40000153,-71.75,74,334.75,1,41.48980694,-71.52336361,1,47
172200,66.40000153,-54.75,74,335.25,1,41.48980694,-71.52336361,1,47
173200,66.40000153,-21.25,74,335.5,1,41.48980694,-71.52336361,1,46
174200,66.40000153,-2.5,74,337.25,1,41.48980694,-71.52336361,1,44
175200,66.40000153,1.25,74,337.75,1,41.48980694,-71.52336361,1,41
176200,66.40000153,0.25,74,338,1,41.48980694,-71.52336361,1,39
177200,66.40000153,-10.5,74,337.75,1,41.48980694,-71.52336361,1,36
178200,66.40000153,-10,74,337.5,1,41.48980694,-71.52336361,1,35
179200,73.09999847,-0.5,74,337.75,1,41.48944444,-71.52206222,1,34
180200,73.09999847,-0.25,74,337.75,1,41.48944444,-71.52206222,1,32
181200,73.09999847,30.75,74,339,1,41.48944444,-71.52206222,1,30
182200,73.09999847,38,74,340.25,1,41.48944444,-71.52206222,1,24
183200,73.09999847,24.5,74,339.5,1,41.48944444,-71.52206222,1,18
184200,73.09999847,10.5,74,338.75,1,41.48944444,-71.52206222,1,16
185200,73.09999847,-1.25,74,338,1,41.48944444,-71.52206222,1,12
186200,73.09999847,-9.25,74,337.75,1,41.48944444,-71.52206222,1,12
187200,73.09999847,-9.25,74,338,1,41.48944444,-71.52206222,1,12
188200,73.09999847,-5.75,74,337,1,41.48944444,-71.52206222,1,13
189200,73.09999847,-17,74,337,1,41.48920111,-71.52181889,1,13
190200,73.09999847,-21.75,74,337,1,41.48920111,-71.52181889,1,15
191200,73.09999847,-5.75,74,338,1,41.48920111,-71.52181889,1,15
192200,73.09999847,-5.5,74,338,1,41.48920111,-71.52181889,1,15
193200,73.09999847,-5.75,74,338,1,41.48920111,-71.52181889,1,16
194200,73.09999847,-6,74,338,1,41.48920111,-71.52181889,1,16
195200,73.09999847,9,74,338.75,1,41.48920111,-71.52181889,1,14
196200,73.09999847,-2.25,74,338.25,1,41.48920111,-71.52181889,1,11
197200,73.09999847,-4.5,74,338.25,1,41.48920111,-71.52181889,1,8
198200,73.09999847,-10,74,338,1,41.48920111,-71.52181889,1,3
199200,73.09999847,-11.5,74,338.5,1,41.48920111,-71.52181889,1,3
200200,73.09999847,-11.5,74,338.5,1,41.48920111,-71.52181889,1,3
201200,73.09999847,-11.5,74,338.5,1,41.48920111,-71.52181889,1,3
202200,74,-4.5,74,338,1,41.48929667,-71.52211222,1,4
203200,74,-4.5,74,338.25,1,41.48929667,-71.52211222,1,4
204200,74,-1,74,338.5,1,41.48929667,-71.52211222,1,3
205200,74,-1.25,74,338.5,1,41.48929667,-71.52211222,1,1
206200,74,-1.25,74,338.5,1,41.48929667,-71.52211222,1,0
207200,74,-11.5,74,338.5,1,41.48929667,-71.52211222,2,0
208200,74,-27,74,337,1,41.48929667,-71.52211222,2,6
209200,74,-27,74,337,1,41.48929667,-71.52211222,2,13
210200,74,-53.5,74,335,1,41.48929667,-71.52211222,2,16
211200,74,-4.75,74,338,1,41.48929667,-71.52211222,2,16
212200,75,-4.75,74,338,1,41.48925083,-71.52195694,2,14
213200,75,-5.5,74,338,1,41.48925083,-71.52195694,2,13
214200,75,-5.25,74,338,1,41.48925083,-71.52195694,2,13
215200,75,-2.5,74,338.25,1,41.48925083,-71.52195694,2,10
216200,75,5.75,74,339,1,41.48925083,-71.52195694,2,3
217200,75,-8.25,74,338,1,41.48925083,-71.52195694,2,1
218200,75,-1.5,74,338.5,1,41.48925083,-71.52195694,2,0
219200,75,-1.5,74,338.5,1,41.48925083,-71.52195694,2,0
220200,75,-1.5,74,338.5,1,41.48925083,-71.52195694,2,0
221200,75,-1.5,74,338.5,1,41.48925083,-71.52195694,2,0
222200,75,-1.5,74,338.5,1,41.48925083,-71.52195694,2,0
223200,75,-1.5,74,338.5,1,41.48925083,-71.52195694,2,0
224200,75,-1.5,74,338.5,1,41.48925083,-71.52195694,2,0
225200,75,-1.5,74,338.5,1,41.48925083,-71.52195694,2,0
226200,75,-1.5,74,338.5,1,41.48925083,-71.52195694,2,0
227200,75,-1.5,74,338.5,1,41.48925083,-71.52195694,2,0
228200,75,-7.5,74,338.25,1,41.48925083,-71.52195694,2,0
229200,74,-9.25,74,338,1,41.48920583,-71.52179083,2,4
230200,74,-9.25,74,338,1,41.48920583,-71.52179083,2,4
231200,74,-9.25,74,338.5,1,41.48920583,-71.52179083,2,4
232200,74,-33.75,74,336.75,1,41.48920583,-71.52179083,2,4
233200,74,-19.5,74,337.25,1,41.48920583,-71.52179083,2,11
234200,74,-19.5,74,337.25,1,41.48920583,-71.52179083,2,11
235200,74,-1.5,74,338.25,1,41.48920583,-71.52179083,2,10
236200,74,4,74,338.5,1,41.48920583,-71.52179083,2,8
237200,74,4,74,338.25,1,41.48920583,-71.52179083,2,1
238200,74,-0.5,74,338.25,1,41.48920583,-71.52179083,2,1
239200,74,-0.5,74,338.25,1,41.48920583,-71.52179083,2,1
240200,74,-0.5,74,338.25,1,41.48920583,-71.52179083,2,1
241200,74,-0.5,74,338.25,1,41.48920583,-71.52179083,2,1
242200,74,-0.5,74,338.25,1,41.48920583,-71.52179083,2,1
243200,74,-0.5,74,338.25,1,41.48920583,-71.52179083,2,1
244200,75.59999847,-0.5,74,338.25,1,41.48924917,-71.52166861,2,1
245200,75.59999847,-5.25,74,338.5,1,41.48924917,-71.52166861,3,3
246200,75.59999847,-5.25,74,338.5,1,41.48924917,-71.52166861,3,4
247200,75.59999847,-4,74,338.5,1,41.48924917,-71.52166861,3,6
248200,75.59999847,-1.25,74,338.5,1,41.48924917,-71.52166861,3,7
249200,75.59999847,1,74,338.75,1,41.48924917,-71.52166861,3,3
250200,75.59999847,-1,74,338.75,1,41.48924917,-71.52166861,3,1
251200,75.59999847,-1,74,338.75,1,41.48924917,-71.52166861,3,0
252200,75.59999847,-1,74,338.75,1,41.48924917,-71.52166861,3,0
253200,75.59999847,-1,74,338.75,1,41.48924917,-71.52166861,3,0
254200,76.09999847,-48.5,74,337,1,41.48932139,-71.52163139,3,11
255200,76.09999847,-48.5,74,336,1,41.48932139,-71.52163139,3,18
256200,76.09999847,-75.75,74,334.5,1,41.48932139,-71.52163139,3,27
257200,76.09999847,-110.25,74,332.25,1,41.48932139,-71.52163139,3,35
258200,76.09999847,-123.75,74,331,1,41.48932139,-71.52163139,3,40
259200,76.09999847,-34.75,74,335.75,1,41.48932139,-71.52163139,3,41
260200,76.09999847,0.75,74,338,1,41.48932139,-71.52163139,3,41
261200,76.09999847,-66.25,74,335.5,1,41.48932139,-71.52163139,3,47
262200,76.09999847,-19.5,74,336.75,1,41.48932139,-71.52163139,3,48
263200,76.09999847,-2.25,74,338,1,41.48932139,-71.52163139,3,50
264200,76.09999847,-2.25,74,337.5,1,41.48932139,-71.52163139,3,51
265200,72.80000305,0,74,337.75,1,41.48969861,-71.52285694,3,51
266200,72.80000305,-7.5,74,337.75,1,41.48969861,-71.52285694,3,51
267200,72.80000305,50.25,74,340.75,1,41.48969861,-71.52285694,3,49
268200,72.80000305,73.25,74,342.25,1,41.48969861,-71.52285694,3,44
269200,72.80000305,95.5,74,344.25,1,41.48969861,-71.52285694,3,38
270200,72.80000305,77.5,74,343.75,1,41.48969861,-71.52285694,3,33
271200,72.80000305,3.25,74,341,1,41.48969861,-71.52285694,3,32
272200,72.80000305,0.75,74,339,1,41.48969861,-71.52285694,3,32
273200,72.80000305,-0.5,74,338.75,1,41.48969861,-71.52285694,3,26
274200,67.90000153,0,74,338.75,1,41.49003111,-71.52385917,3,12
275200,67.90000153,-1,74,338.75,1,41.49003111,-71.52385917,3,12
276200,67.90000153,-0.5,74,339,1,41.49003111,-71.52385917,3,10
277200,67.90000153,-0.75,74,338.75,1,41.49003111,-71.52385917,3,10
278200,67.90000153,-3.25,74,338.75,1,41.49003111,-71.52385917,3,6
279200,67.90000153,-4.5,74,338.75,1,41.49003111,-71.52385917,3,1
280200,67.90000153,-13,74,338.25,1,41.49003111,-71.52385917,3,2
281200,67.90000153,-53.25,74,336,1,41.49003111,-71.52385917,3,10
282200,67.90000153,-104,74,333,1,41.49003111,-71.52385917,3,20
283200,67.90000153,-152,74,330,1,41.49003111,-71.52385917,3,30
284200,67.90000153,-180.5,74,328,1,41.49003111,-71.52385917,3,40
285200,68.19999695,-30.75,74,335.25,1,41.49020444,-71.52441389,3,45
286200,68.19999695,-11.75,74,337,1,41.49020444,-71.52441389,3,45
287200,68.19999695,-16,74,337,1,41.49020444,-71.52441389,3,45
288200,68.19999695,-43.25,74,336,1,41.49020444,-71.52441389,3,46
289200,68.19999695,-46.75,74,335,1,41.49020444,-71.52441389,3,48
290200,68.19999695,-46.75,74,334.5,1,41.49020444,-71.52441389,3,49
291200,68.19999695,-57.5,74,335.75,1,41.49020444,-71.52441389,3,50
292200,68.19999695,-30,74,335.75,1,41.49020444,-71.52441389,3,50
293200,68.19999695,-18.75,74,336.5,1,41.49020444,-71.52441389,3,51
294200,68.19999695,-10.5,73.5,337,1,41.49020444,-71.52441389,3,51
295200,65.90000153,-28.5,73.5,336.25,1,41.49050361,-71.52597444,3,51
296200,65.90000153,-4.75,73.5,337.5,1,41.49050361,-71.52597444,3,52
297200,65.90000153,-4.5,73.5,337.5,1,41.49050361,-71.52597444,3,52
298200,65.90000153,-3,73.5,337.75,1,41.49050361,-71.52597444,3,53
299200,65.90000153,-3,73.5,337.75,1,41.49050361,-71.52597444,3,54
300200,65.90000153,-3,73.5,337.75,1,41.49050361,-71.52597444,3,55
301200,65.90000153,-4.25,73.5,337.75,1,41.49050361,-71.52597444,3,55
302200,65.90000153,-9,73.5,338,1,41.49050361,-71.52597444,3,55
303200,65.90000153,-2.5,73.5,337.75,1,41.49050361,-71.52597444,3,56
304200,65.90000153,-5,73.5,338.25,1,41.49050361,-71.52597444,3,56
305200,60.09999847,-5,73.5,338,1,41.49069194,-71.52777611,3,57
306200,60.09999847,-10.75,73.5,338,1,41.49069194,-71.52777611,3,57
307200,60.09999847,-9,73.5,337.75,1,41.49069194,-71.52777611,3,57
308200,60.09999847,-17.5,73.5,338,1,41.49069194,-71.52777611,3,57
309200,60.09999847,-4.5,73.5,338,1,41.49069194,-71.52777611,3,58
310200,60.09999847,46,73.5,339.75,1,41.49069194,-71.52777611,3,58
311200,60.09999847,46,73.5,343.5,1,41.49069194,-71.52777611,3,55
312200,60.09999847,82,73.5,344.5,1,41.49069194,-71.52777611,3,50
313200,60.09999847,100.5,73.5,344.75,1,41.49069194,-71.52777611,3,45
314200,60.09999847,99.75,73.5,339,1,41.49069194,-71.52777611,2,43
315200,54.29999924,-3.25,73.5,339,1,41.49083611,-71.52953167,2,43
316200,54.29999924,12.25,73.5,338.75,1,41.49083611,-71.52953167,2,44
317200,54.29999924,44.75,73.5,340.75,1,41.49083611,-71.52953167,2,43
318200,54.29999924,72.5,73.5,343,1,41.49083611,-71.52953167,2,41
319200,54.29999924,48.25,73.5,342.5,1,41.49083611,-71.52953167,2,36
320200,54.29999924,69.25,73.5,343.25,1,41.49083611,-71.52953167,2,31
321200,54.29999924,-1.5,73.5,339.75,1,41.49083611,-71.52953167,2,28
322200,54.29999924,38.75,73.5,341.75,1,41.49083611,-71.52953167,2,27
323200,54.29999924,65,73.5,343,1,41.49083611,-71.52953167,2,22
324200,54.29999924,14.25,73.5,340.75,1,41.49083611,-71.52953167,2,12
325200,49.79999924,-4,73.5,339.5,1,41.49095333,-71.53044778,2,5
326200,49.79999924,-4.25,73.5,339.25,1,41.49095333,-71.53044778,2,5
327200,49.79999924,-4,73.5,339.25,1,41.49095333,-71.53044778,2,5
328200,49.79999924,-17,73.5,338.75,1,41.49095333,-71.53044778,2,6
329200,49.79999924,-4,73.5,339.25,1,41.49095333,-71.53044778,2,10
330200,49.79999924,0.25,73.5,339.5,1,41.49095333,-71.53044778,2,8
331200,49.79999924,-25,73.5,338.25,1,41.49095333,-71.53044778,2,8
332200,49.79999924,-70.25,73.5,335.5,1,41.49095333,-71.53044778,2,16
333200,49.79999924,-106,73.5,333,1,41.49095333,-71.53044778,2,27
334200,49.79999924,-106,73.5,333.25,1,41.49095333,-71.53044778,2,36
335200,47.29999924,-105,73.5,335.5,1,41.49102722,-71.53094861,2,43
336200,47.29999924,-50.5,73.5,335.5,1,41.49102722,-71.53094861,2,43
337200,47.29999924,-4.5,73.5,338.25,1,41.49102722,-71.53094861,2,45
338200,47.29999924,-4.5,73.5,338.5,1,41.49102722,-71.53094861,2,46
339200,47.29999924,-3.5,73.5,338.5,1,41.49102722,-71.53094861,2,47
340200,47.29999924,-3.5,73.5,338.5,1,41.49102722,-71.53094861,2,49
341200,47.29999924,-3,73.5,338.5,1,41.49102722,-71.53094861,2,50
342200,47.29999924,-2.5,73.5,338.5,1,41.49102722,-71.53094861,2,52
343200,47.29999924,-4,73.5,338.5,1,41.49102722,-71.53094861,2,52
344200,47.29999924,-4.75,73.5,338.5,1,41.49102722,-71.53094861,2,54
345200,40.40000153,25.5,73.5,339.75,1,41.49126667,-71.53256722,2,54
346200,40.40000153,74,73.5,343,1,41.49126667,-71.53256722,2,47
347200,40.40000153,72.5,73.5,343,1,41.49126667,-71.53256722,2,43
348200,40.40000153,66.5,73.5,343,1,41.49126667,-71.53256722,2,38
349200,40.40000153,-2,73.5,339.5,1,41.49126667,-71.53256722,2,38
350200,40.40000153,-53.5,73.5,337.25,1,41.49126667,-71.53256722,2,39
351200,40.40000153,-4,73.5,339,1,41.49126667,-71.53256722,2,38
352200,40.40000153,-4.25,73.5,339,1,41.49126667,-71.53256722,2,38
353200,40.40000153,-4.75,73.5,339,1,41.49126667,-71.53256722,2,38
354200,40.40000153,-43,73.5,337,1,41.49126667,-71.53256722,2,40
355200,37.79999924,-43.75,73.5,336.75,1,41.49146944,-71.53390667,2,42
356200,37.79999924,-14.5,73.5,337.75,1,41.49146944,-71.53390667,2,42
357200,37.79999924,-34.5,73.5,337.5,1,41.49146944,-71.53390667,2,45
358200,37.79999924,-66.5,73.5,335.25,1,41.49146944,-71.53390667,2,47
359200,37.79999924,-55,73.5,335.25,1,41.49146944,-71.53390667,2,48
360200,37.79999924,-55,73.5,338.25,1,41.49146944,-71.53390667,2,47
361200,37.79999924,-4.5,73.5,338.5,1,41.49146944,-71.53390667,2,47
362200,37.79999924,-2,73.5,338.5,1,41.49146944,-71.53390667,2,47
363200,37.79999924,18.5,73.5,339.25,1,41.49146944,-71.53390667,2,43
364200,37.79999924,65,73.5,342.5,1,41.49146944,-71.53390667,2,39
365200,37.59999847,36.5,73.5,341,1,41.49167278,-71.53535111,2,37
366200,37.59999847,22,73.5,340.25,1,41.49167278,-71.53535111,2,34
367200,37.59999847,29.5,73.5,340.25,1,41.49167278,-71.53535111,2,34
368200,37.59999847,52.5,73.5,342.25,1,41.49167278,-71.53535111,2,29
369200,37.59999847,47.75,73.5,342,1,41.49167278,-71.53535111,2,14
370200,37.59999847,13.25,73.5,340.25,1,41.49167278,-71.53535111,2,11
371200,37.59999847,-4.25,73.5,339.25,1,41.49167278,-71.53535111,2,11
372200,37.59999847,-1.5,73.5,339.25,1,41.49167278,-71.53535111,2,8
373200,37.59999847,-4,73.5,339,1,41.49167278,-71.53535111,2,8
374200,37.59999847,-2.5,73.5,339,1,41.49167278,-71.53535111,2,5
375200,36.79999924,-4.25,73.5,339,1,41.49175083,-71.53592278,2,5
376200,36.79999924,-25.5,73.5,337.75,1,41.49175083,-71.53592278,2,7
377200,36.79999924,-4.5,73.5,338.75,1,41.49175083,-71.53592278,2,8
378200,36.79999924,-1.5,73.5,339.25,1,41.49175083,-71.53592278,2,7
379200,36.79999924,-4.75,73.5,339,1,41.49175083,-71.53592278,2,3
380200,36.79999924,-48,73.5,336.75,1,41.49175083,-71.53592278,2,7
381200,36.79999924,-112,73.5,333,1,41.49175083,-71.53592278,2,18
382200,36.79999924,-176.25,73.5,329,1,41.49175083,-71.53592278,2,30
383200,36.79999924,-237.25,73.5,325.5,1,41.49175083,-71.53592278,2,42
384200,36.79999924,-237.25,73.5,320.25,1,41.49175083,-71.53592278,2,54
385200,38.40000153,-333.25,73.5,320.25,1,41.49185278,-71.536635,2,54
386200,38.40000153,-12.5,73.5,334,1,41.49185278,-71.536635,2,62
387200,38.40000153,120.25,73.5,343.75,1,41.49185278,-71.536635,2,52
388200,38.40000153,119.5,73.5,344.25,1,41.49185278,-71.536635,2,40
389200,38.40000153,59.25,73.5,341.25,1,41.49185278,-71.536635,2,30
390200,38.40000153,40.5,73.5,341,1,41.49185278,-71.536635,2,24
391200,38.40000153,-4,73.5,338.25,1,41.49185278,-71.536635,2,21
392200,38.40000153,-54.5,73.5,336,1,41.49185278,-71.536635,2,21
393200,38.40000153,-125.5,73.5,331.25,1,41.49185278,-71.536635,2,29
394200,38.40000153,-189.5,73.5,327.25,1,41.49185278,-71.536635,2,39
395200,37.70000076,-155.25,73.5,328.25,1,41.49196583,-71.537805,2,48
396200,37.70000076,-128.5,73.5,329.75,1,41.49196583,-71.537805,2,54
397200,37.70000076,-106.75,73.5,330.5,1,41.49196583,-71.537805,2,58
398200,37.70000076,-72,73.5,332.5,1,41.49196583,-71.537805,2,60
399200,37.70000076,-75,73.5,332.5,1,41.49196583,-71.537805,2,62
400200,37.70000076,-53,73.5,333.5,1,41.49196583,-71.537805,2,64
401200,37.70000076,-26,73.5,333,1,41.49196583,-71.537805,2,65
402200,37.70000076,-64.5,73.5,333.5,1,41.49196583,-71.537805,2,65
403200,37.70000076,-60.5,73.5,333.75,1,41.49196583,-71.537805,2,66
404200,37.70000076,-60.5,73.5,331,1,41.49196583,-71.537805,2,67
405200,36.59999847,-101.25,73.5,334.75,1,41.49142778,-71.53968083,2,68
406200,36.59999847,-30,73.5,334.75,1,41.49142778,-71.53968083,2,68
407200,36.59999847,-39,73.5,334.75,1,41.49142778,-71.53968083,2,68
408200,36.59999847,-44,73.5,334.75,1,41.49142778,-71.53968083,2,68
409200,36.59999847,-32.5,73.5,334.25,1,41.49142778,-71.53968083,2,68
410200,36.59999847,-65.25,73.5,333.75,1,41.49142778,-71.53968083,2,68
411200,36.59999847,-62.75,73.5,333,1,41.49142778,-71.53968083,2,69
412200,36.59999847,-76.5,73.5,332.75,1,41.49142778,-71.53968083,2,70
413200,36.59999847,-21.5,73.5,334.25,1,41.49142778,-71.53968083,2,71
414200,36.59999847,-51.75,73,333.5,1,41.49142778,-71.53968083,2,71
415200,37.20000076,-68.75,73,332.5,1,41.4901675,-71.54125528,2,72
416200,37.20000076,-42,73,333.75,1,41.4901675,-71.54125528,2,73
417200,37.20000076,-10,73,335.75,1,41.4901675,-71.54125528,2,73
418200,37.20000076,-52.25,73,333.5,1,41.4901675,-71.54125528,2,74
419200,37.20000076,-37.25,73,334.75,1,41.4901675,-71.54125528,2,74
420200,37.20000076,-51.5,73,333.5,1,41.4901675,-71.54125528,2,75
421200,37.20000076,-45.5,73,333.75,1,41.4901675,-71.54125528,2,75
422200,37.20000076,-53.75,73,333.25,1,41.4901675,-71.54125528,2,76
423200,37.20000076,-53.5,73,333.25,1,41.4901675,-71.54125528,2,77
424200,37.20000076,-53.75,73,333,1,41.4901675,-71.54125528,2,78
425200,37.20000076,-54.5,73,333,1,41.4901675,-71.54125528,2,78
426200,35.79999924,-12,73,335.25,1,41.48854417,-71.54295778,2,78
427200,35.79999924,-5.25,73,336,1,41.48854417,-71.54295778,2,77
428200,35.79999924,-24,73,335.25,1,41.48854417,-71.54295778,2,76
429200,35.79999924,-39.5,73,334,1,41.48854417,-71.54295778,2,76
430200,35.79999924,-39.5,73,335.75,1,41.48854417,-71.54295778,2,76
431200,35.79999924,-8.5,73,336,1,41.48854417,-71.54295778,2,75
432200,35.79999924,-7,73,335.75,1,41.48854417,-71.54295778,2,74
433200,35.79999924,-11,73,335.75,1,41.48854417,-71.54295778,2,73
434200,35.79999924,-14.5,73,335.75,1,41.48854417,-71.54295778,2,73
435200,35.79999924,-42.75,73,334.25,1,41.48854417,-71.54295778,2,73
436200,35.40000153,-38.5,73,334.25,1,41.48703667,-71.54441639,2,73
437200,35.40000153,-42.5,73,334,1,41.48703667,-71.54441639,2,74
438200,35.40000153,-51,73,333.5,1,41.48703667,-71.54441639,2,75
439200,35.40000153,-39.5,73,334,1,41.48703667,-71.54441639,2,76
440200,35.40000153,-40.75,73,333.75,1,41.48703667,-71.54441639,2,77
441200,35.40000153,-47.5,73,333.5,1,41.48703667,-71.54441639,2,78
442200,35.40000153,-70,73,332.25,1,41.48703667,-71.54441639,2,80
443200,35.40000153,-92.25,73,330.75,1,41.48703667,-71.54441639,2,81
444200,35.40000153,-91.25,73,330.75,1,41.48703667,-71.54441639,2,82
445200,35.40000153,-85.25,73,331,1,41.48703667,-71.54441639,2,82
446200,34,-21.75,73,334.5,1,41.485545,-71.54605472,2,81
447200,34,-11.25,73,335.25,1,41.485545,-71.54605472,2,80
448200,34,-5.25,73,335.75,1,41.485545,-71.54605472,2,79
449200,34,-1,73,335.75,1,41.485545,-71.54605472,2,78
450200,34,-3.5,73,335.75,1,41.485545,-71.54605472,2,78
451200,34,-44.75,73,334.25,1,41.485545,-71.54605472,2,78
452200,34,-39.25,73,333.75,1,41.485545,-71.54605472,2,78
453200,34,-39.25,73,334,1,41.485545,-71.54605472,2,77
454200,34,-37,73,335.25,1,41.485545,-71.54605472,2,76
455200,34,-13,73,335.25,1,41.485545,-71.54605472,2,76
456200,34,-7,73,335.75,1,41.48407278,-71.5477625,2,75
457200,34,-8,73,336,1,41.48407278,-71.5477625,2,75
458200,34,-5.25,73,336,1,41.48407278,-71.5477625,2,74
459200,34,-4.5,73,336.25,1,41.48407278,-71.5477625,2,74
460200,34,-43,73,334.75,1,41.48407278,-71.5477625,2,75
461200,34,-5.25,73,335.75,1,41.48407278,-71.5477625,2,75
462200,34,1,73,336.25,1,41.48407278,-71.5477625,2,76
463200,34,-4.25,73,336,1,41.48407278,-71.5477625,2,76
464200,34,-4.75,73,336.25,1,41.48407278,-71.5477625,2,75
465200,34,68,73,340,1,41.48407278,-71.5477625,2,70
466200,31.60000038,123.75,73,343.5,1,41.48272444,-71.54945,2,61
467200,31.60000038,125,73,344,1,41.48272444,-71.54945,2,49
468200,31.60000038,88.75,73,343.75,1,41.48272444,-71.54945,2,42
469200,31.60000038,120.75,73,344.25,1,41.48272444,-71.54945,2,33
470200,31.60000038,78.75,73,342.5,1,41.48272444,-71.54945,2,33
471200,31.60000038,49.25,73,340.25,1,41.48272444,-71.54945,2,25
472200,31.60000038,39.5,73,340.5,1,41.48272444,-71.54945,2,16
473200,31.60000038,-4,73,337.75,1,41.48272444,-71.54945,2,9
474200,31.60000038,-10,73,337.75,1,41.48272444,-71.54945,2,9
475200,31.60000038,-52.5,73,335,1,41.48272444,-71.54945,2,13
476200,31.89999962,-93,73,332.75,1,41.48228139,-71.55016111,2,21
477200,31.89999962,-93,73,329.75,1,41.48228139,-71.55016111,2,30
478200,31.89999962,-147,73,329.75,1,41.48228139,-71.55016111,2,30
479200,31.89999962,-278,73,322.5,1,41.48228139,-71.55016111,2,43
480200,31.89999962,-338.5,73,317.5,1,41.48228139,-71.55016111,2,56
481200,31.89999962,-333.75,73,317.25,1,41.48228139,-71.55016111,2,68
482200,31.89999962,-184.5,73,319.5,1,41.48228139,-71.55016111,2,77
483200,31.89999962,-5,73,334.5,1,41.48228139,-71.55016111,2,77
484200,31.89999962,-5,72.5,335.25,1,41.48228139,-71.55016111,2,75
485200,31.89999962,-4.5,72.5,335.25,1,41.48228139,-71.55016111,2,74
486200,32.70000076,-5.5,72.5,335.5,1,41.48308,-71.55189028,2,72
487200,32.70000076,-3.5,72.5,335.25,1,41.48308,-71.55189028,2,71
488200,32.70000076,-4,72.5,335.5,1,41.48308,-71.55189028,2,69
489200,32.70000076,-3.75,72.5,335.75,1,41.48308,-71.55189028,2,67
490200,32.70000076,-3.5,72.5,335.75,1,41.48308,-71.55189028,2,66
491200,32.70000076,-4.25,72.5,335.75,1,41.48308,-71.55189028,2,65
492200,32.70000076,-3,72.5,335.75,1,41.48308,-71.55189028,2,63
493200,32.70000076,-5.25,72.5,335.75,1,41.48308,-71.55189028,2,62
494200,32.70000076,-3.75,72.5,336,1,41.48308,-71.55189028,2,60
495200,32.70000076,-3.25,72.5,336,1,41.48308,-71.55189028,2,59
496200,35.40000153,-2,72.5,336,1,41.48351639,-71.55391917,2,58
497200,35.40000153,74.5,72.5,339.5,1,41.48351639,-71.55391917,2,56
498200,35.40000153,66.25,72.5,340.5,1,41.48351639,-71.55391917,2,51
499200,35.40000153,87.5,72.5,341.75,1,41.48351639,-71.55391917,2,44
500200,35.40000153,48,72.5,339.75,1,41.48351639,-71.55391917,2,38
501200,35.40000153,34.5,72.5,339,1,41.48351639,-71.55391917,2,34
502200,35.40000153,34.5,72.5,339.25,1,41.48351639,-71.55391917,2,29
503200,35.40000153,37.25,72.5,337,1,41.48351639,-71.55391917,2,26
504200,35.40000153,-4.25,72.5,337,1,41.48351639,-71.55391917,2,26
505200,35.40000153,-4,72.5,337,1,41.48351639,-71.55391917,2,26
506200,36.79999924,-3.75,72.5,337,1,41.48371694,-71.55511278,2,25
507200,36.79999924,-3.75,72.5,337,1,41.48371694,-71.55511278,2,25
508200,36.79999924,-4,72.5,337,1,41.48371694,-71.55511278,2,24
509200,36.79999924,-3.75,72.5,337,1,41.48371694,-71.55511278,2,23
510200,36.79999924,-3.75,72.5,337,1,41.48371694,-71.55511278,2,23
511200,36.79999924,-3.75,72.5,337,1,41.48371694,-71.55511278,2,22
512200,36.79999924,-32.5,72.5,336,1,41.48371694,-71.55511278,2,22
513200,36.79999924,-74.5,72.5,333,1,41.48371694,-71.55511278,2,26
514200,36.79999924,-67.75,72.5,333,1,41.48371694,-71.55511278,2,31
515200,36.79999924,-77,72.5,332.75,1,41.48371694,-71.55511278,2,35
516200,36.90000153,-130,72.5,329.75,1,41.48388417,-71.55599833,2,40
517200,36.90000153,-80.5,72.5,332,1,41.48388417,-71.55599833,2,46
518200,36.90000153,-12.5,72.5,335.5,1,41.48388417,-71.55599833,2,47
519200,36.90000153,-62,72.5,333,1,41.48388417,-71.55599833,2,48
520200,36.90000153,-16,72.5,335.25,1,41.48388417,-71.55599833,2,49
521200,36.90000153,-77.75,72.5,332,1,41.48388417,-71.55599833,2,50
522200,36.90000153,-76.75,72.5,331.25,1,41.48388417,-71.55599833,2,53
523200,36.90000153,-76.75,72.5,330,1,41.48388417,-71.55599833,2,56
524200,36.90000153,-108.75,72.5,331.5,1,41.48388417,-71.55599833,2,59
525200,36.90000153,-77,72.5,331.25,1,41.48388417,-71.55599833,2,61
526200,37,-75,72.5,334.25,1,41.48416,-71.55768667,2,62
527200,37,-25.75,72.5,334.25,1,41.48416,-71.55768667,2,62
528200,37,-39,72.5,334.25,1,41.48416,-71.55768667,2,61
529200,37,-49.5,72.5,333.25,1,41.48416,-71.55768667,2,61
530200,37,-4,72.5,335.5,1,41.48416,-71.55768667,2,59
531200,37,-2.5,72.5,335.75,1,41.48416,-71.55768667,2,57
532200,37,-5.5,72.5,336,1,41.48416,-71.55768667,2,55
533200,37,-3.25,72.5,335.75,1,41.48416,-71.55768667,2,52
534200,37,-3.25,72.5,335.75,1,41.48416,-71.55768667,2,50
535200,37,-2,72.5,336,1,41.48416,-71.55768667,2,47
536200,37,-4.5,72.5,336,1,41.48416,-71.55768667,2,46
537200,43.09999847,-3.75,72.5,336,1,41.48458417,-71.5595525,2,44
538200,43.09999847,-2.75,72.5,336,1,41.48458417,-71.5595525,2,43
539200,43.09999847,-3.75,72.5,336,1,41.48458417,-71.5595525,2,42
540200,43.09999847,-3.75,72.5,336,1,41.48458417,-71.5595525,2,41
541200,43.09999847,-4.75,72.5,336.25,1,41.48458417,-71.5595525,2,40
542200,43.09999847,-3.25,72.5,336.25,1,41.48458417,-71.5595525,2,40
543200,43.09999847,-4.5,72.5,336.25,1,41.48458417,-71.5595525,2,40
544200,43.09999847,-24,72.5,335.75,1,41.48458417,-71.5595525,2,50
545200,43.09999847,-305.5,72.5,319.5,1,41.48458417,-71.5595525,2,61
546200,43.09999847,-305.5,72.5,325.5,1,41.48458417,-71.5595525,2,63
547200,41.90000153,-108,72.5,334.5,1,41.48502667,-71.56092611,2,63
548200,41.90000153,-5.5,72.5,334.5,1,41.48502667,-71.56092611,2,63
549200,41.90000153,-0.5,72.5,335.5,1,41.48502667,-71.56092611,2,64
550200,41.90000153,-4.25,72.5,335.5,1,41.48502667,-71.56092611,2,64
551200,41.90000153,-3.5,72.5,335.5,1,41.48502667,-71.56092611,2,65
552200,41.90000153,-5.5,72.5,335.5,1,41.48502667,-71.56092611,2,66
553200,41.90000153,-1.25,72.5,335.5,1,41.48502667,-71.56092611,2,65
554200,41.90000153,-2,72,335.75,1,41.48502667,-71.56092611,2,64
555200,41.90000153,20.75,72,337,1,41.48502667,-71.56092611,2,62
556200,41.90000153,38.5,72,338.25,1,41.48502667,-71.56092611,2,60
557200,37.79999924,11.25,72,336.75,1,41.48551917,-71.56293444,2,59
558200,37.79999924,-4,72,336.25,1,41.48551917,-71.56293444,2,58
559200,37.79999924,-3.5,72,336,1,41.48551917,-71.56293444,2,58
560200,37.79999924,-2.75,72,336,1,41.48551917,-71.56293444,2,57
561200,37.79999924,-6,72,336.25,1,41.48551917,-71.56293444,2,56
562200,37.79999924,-4,72,336.25,1,41.48551917,-71.56293444,2,55
563200,37.79999924,-4.75,72,336.25,1,41.48551917,-71.56293444,2,55
564200,37.79999924,-3.5,72,336.25,1,41.48551917,-71.56293444,2,54
565200,37.79999924,-4,72,336.25,1,41.48551917,-71.56293444,2,54
566200,37.79999924,-3.5,72,336.25,1,41.48551917,-71.56293444,2,53
567200,35.29999924,-3.25,72,336.25,1,41.48631583,-71.56442528,2,53
568200,35.29999924,-3.5,72,336.25,1,41.48631583,-71.56442528,2,53
569200,35.29999924,-35,72,334.5,1,41.48631583,-71.56442528,2,53
570200,35.29999924,-66.5,72,332.75,1,41.48631583,-71.56442528,2,59
571200,35.29999924,-142.75,72,328.5,1,41.48631583,-71.56442528,2,59
572200,35.29999924,-142.75,72,329.5,1,41.48631583,-71.56442528,2,64
573200,35.29999924,-116,72,329.5,1,41.48631583,-71.56442528,2,67
574200,35.29999924,-98.5,72,329.5,1,41.48631583,-71.56442528,2,67
575200,35.29999924,-21.5,72,334.25,1,41.48631583,-71.56442528,2,67
576200,35.29999924,-19,72,334.5,1,41.48631583,-71.56442528,2,67
577200,35.29999924,-19,72,334.5,1,41.48742389,-71.56583111,2,66
578200,35.29999924,-21.5,72,334.5,1,41.48742389,-71.56583111,2,66
579200,35.29999924,-16.5,72,334.75,1,41.48742389,-71.56583111,2,65
580200,35.29999924,-23.5,72,334.5,1,41.48742389,-71.56583111,2,64
581200,35.29999924,-75.25,72,331.75,1,41.48742389,-71.56583111,2,65
582200,35.29999924,-30.25,72,334,1,41.48742389,-71.56583111,2,66
583200,35.29999924,-21,72,334.25,1,41.48742389,-71.56583111,2,66
584200,35.29999924,-26.5,72,334.25,1,41.48742389,-71.56583111,2,66
585200,35.29999924,-57,72,332.75,1,41.48742389,-71.56583111,2,66
586200,35.29999924,-85,72,330.75,1,41.48742389,-71.56583111,2,68
587200,36.40000153,-56.5,72,332.25,1,41.48860917,-71.56735361,2,69
588200,36.40000153,-36.25,72,333.5,1,41.48860917,-71.56735361,2,69
589200,36.40000153,-53.5,72,332.5,1,41.48860917,-71.56735361,2,69
590200,36.40000153,-21.5,72,334,1,41.48860917,-71.56735361,2,70
591200,36.40000153,-39.25,72,333.5,1,41.48860917,-71.56735361,2,70
592200,36.40000153,-32.75,72,333.75,1,41.48860917,-71.56735361,2,70
593200,36.40000153,-51.25,72,332.5,1,41.48860917,-71.56735361,2,70
594200,36.40000153,-53.25,72,332,1,41.48860917,-71.56735361,2,71
595200,36.40000153,-53.25,72,332.5,1,41.48860917,-71.56735361,2,71
596200,36.40000153,-60.5,72,332.5,1,41.48860917,-71.56735361,2,73
597200,37.70000076,-53,72,332.5,1,41.48987167,-71.56898056,2,73
598200,37.70000076,-62.25,72,332.75,1,41.48987167,-71.56898056,2,72
599200,37.70000076,-7,72,335,1,41.48987167,-71.56898056,2,72
600200,37.70000076,-62.5,72,331.75,1,41.48987167,-71.56898056,2,72
601200,37.70000076,-86.5,72,330.5,1,41.48987167,-71.56898056,2,73
602200,37.70000076,-41.5,72,332.75,1,41.48987167,-71.56898056,2,74
603200,37.70000076,-20,72,334.5,1,41.48987167,-71.56898056,2,74
604200,37.70000076,-7.75,71.5,334.75,1,41.48987167,-71.56898056,2,73
605200,37.70000076,-2.25,71.5,335.25,1,41.48987167,-71.56898056,2,72
606200,37.70000076,-3,71.5,335.25,1,41.48987167,-71.56898056,2,71
607200,39.90000153,-5,71.5,335.25,1,41.49112861,-71.57070611,2,70
608200,39.90000153,-5,71.5,335.25,1,41.49112861,-71.57070611,2,69
609200,39.90000153,-2.75,71.5,335.25,1,41.49112861,-71.57070611,2,68
610200,39.90000153,-4,71.5,335.25,1,41.49112861,-71.57070611,2,67
611200,39.90000153,-1.75,71.5,335.5,1,41.49112861,-71.57070611,2,66
612200,39.90000153,26.75,71.5,337.25,1,41.49112861,-71.57070611,2,64
613200,39.90000153,63.5,71.5,339.25,1,41.49112861,-71.57070611,2,61
614200,39.90000153,40.25,71.5,339.25,1,41.49112861,-71.57070611,2,57
615200,39.90000153,21.25,71.5,338,1,41.49112861,-71.57070611,2,54
616200,39.90000153,21.25,71.5,337,1,41.49112861,-71.57070611,2,53
617200,39.70000076,14.5,71.5,337,1,41.49213556,-71.57223861,2,51
618200,39.70000076,12.25,71.5,337,1,41.49213556,-71.57223861,2,49
619200,39.70000076,13.75,71.5,339,1,41.49213556,-71.57223861,2,47
620200,39.70000076,47,71.5,339.75,1,41.49213556,-71.57223861,2,47
621200,39.70000076,59.5,71.5,339.75,1,41.49213556,-71.57223861,2,42
622200,39.70000076,71.5,71.5,340.5,1,41.49213556,-71.57223861,2,37
623200,39.70000076,11.25,71.5,338.75,1,41.49213556,-71.57223861,2,31
624200,39.70000076,5.5,71.5,337.25,1,41.49213556,-71.57223861,2,31
625200,39.70000076,-3.5,71.5,336.75,1,41.49213556,-71.57223861,2,30
626200,39.70000076,-3.75,71.5,336.5,1,41.49213556,-71.57223861,2,29
627200,39.90000153,18.75,71.5,337,1,41.49261889,-71.57327583,2,28
628200,39.90000153,24,71.5,338,1,41.49261889,-71.57327583,2,24
629200,39.90000153,19.25,71.5,338,1,41.49261889,-71.57327583,2,19
630200,39.90000153,6.75,71.5,337.25,1,41.49261889,-71.57327583,2,15
631200,39.90000153,4.25,71.5,337.25,1,41.49261889,-71.57327583,2,10
632200,39.90000153,-12,71.5,336.75,1,41.49261889,-71.57327583,2,10
633200,39.90000153,-64.25,71.5,333.75,1,41.49261889,-71.57327583,2,23
634200,39.90000153,-119,71.5,330.25,1,41.49261889,-71.57327583,2,33
635200,39.90000153,-159.5,71.5,328,1,41.49261889,-71.57327583,2,33
636200,39.90000153,-229,71.5,324.25,1,41.49261889,-71.57327583,2,54
637200,39.5,-286,71.5,320.25,1,41.49250278,-71.57399278,2,65
638200,39.5,-200.75,71.5,319.5,1,41.49250278,-71.57399278,2,70
639200,39.5,-334.75,71.5,317.75,1,41.49250278,-71.57399278,2,77
640200,39.5,-148.75,71.5,325.25,1,41.49250278,-71.57399278,2,77
641200,39.5,-2.75,71.5,333.75,1,41.49250278,-71.57399278,2,80
642200,39.5,-2.75,71.5,319.75,1,41.49250278,-71.57399278,2,87
643200,39.5,-293.25,71.5,315.75,1,41.49250278,-71.57399278,2,94
644200,39.5,-330.5,71,315.25,1,41.49250278,-71.57399278,2,101
645200,39.5,-331.75,71,315.25,1,41.49250278,-71.57399278,2,101
646200,39.5,-329.5,71,315,1,41.49250278,-71.57399278,2,107
647200,37.09999847,-317.5,71,314.5,1,41.4911125,-71.57606944,2,108
648200,37.09999847,-3.75,71,332.25,1,41.4911125,-71.57606944,2,106
649200,37.09999847,-3,71,332.5,1,41.4911125,-71.57606944,2,106
650200,37.09999847,-283.5,71,316.25,1,41.4911125,-71.57606944,2,110
651200,37.09999847,-102.5,71,324.5,1,41.4911125,-71.57606944,2,107
652200,37.09999847,-1.5,71,332.5,1,41.4911125,-71.57606944,2,104
653200,37.09999847,-2.75,71,332.75,1,41.4911125,-71.57606944,2,102
654200,37.09999847,-154,70.5,325,1,41.4911125,-71.57606944,2,102
655200,37.09999847,-165.75,70.5,323.25,1,41.4911125,-71.57606944,2,102
656200,37.09999847,-150.75,70.5,324.25,1,41.4911125,-71.57606944,2,102
657200,37.09999847,-164.25,70.5,323.25,1,41.4911125,-71.57606944,2,102
658200,48.29999924,-175.25,70.5,322.75,1,41.48925278,-71.57894778,2,102
659200,48.29999924,-188,70.5,321.75,1,41.48925278,-71.57894778,2,102
660200,48.29999924,-189.75,70.5,321.25,1,41.48925278,-71.57894778,2,105
661200,48.29999924,-190.5,70.5,321.5,1,41.48925278,-71.57894778,2,105
662200,48.29999924,-7.5,70.5,331.25,1,41.48925278,-71.57894778,2,103
663200,48.29999924,7.5,70.5,331.75,1,41.48925278,-71.57894778,2,101
664200,48.29999924,-20,70.5,331.25,1,41.48925278,-71.57894778,2,100
665200,48.29999924,-20,70.5,331.75,1,41.48925278,-71.57894778,2,98
666200,48.29999924,-13,70.5,332.25,1,41.48925278,-71.57894778,2,96
667200,54.40000153,-11,70.5,332.25,1,41.48776389,-71.58123861,2,96
668200,54.40000153,-11.5,70.5,331.75,1,41.48776389,-71.58123861,2,96
669200,54.40000153,-43,70.5,330.25,1,41.48776389,-71.58123861,2,96
670200,54.40000153,-59.25,70.5,329.5,1,41.48776389,-71.58123861,2,95
671200,54.40000153,-50.5,70.5,330,1,41.48776389,-71.58123861,2,95
672200,54.40000153,-71.5,70.5,328.75,1,41.48776389,-71.58123861,2,95
673200,54.40000153,-56,70.5,328.5,1,41.48776389,-71.58123861,2,95
674200,54.40000153,-47.75,70.5,330,1,41.48776389,-71.58123861,2,95
675200,54.40000153,-49.5,70.5,329.75,1,41.48776389,-71.58123861,2,95
676200,54.40000153,-51,70.5,329.5,1,41.48776389,-71.58123861,2,95
677200,54.40000153,-47.5,70.5,329.5,1,41.48776389,-71.58123861,2,94
678200,58,-44.75,70.5,329.5,1,41.48604472,-71.58385056,2,94
679200,58,-54.5,70.5,329.5,1,41.48604472,-71.58385056,2,94
680200,58,-63,70.5,329.25,1,41.48604472,-71.58385056,2,94
681200,58,-38,70.5,330.25,1,41.48604472,-71.58385056,2,95
682200,58,-34.5,70.5,331,1,41.48604472,-71.58385056,2,96
683200,58,-24.75,70.5,330.75,1,41.48604472,-71.58385056,2,96
684200,58,-33.75,70.5,330.5,1,41.48604472,-71.58385056,2,97
685200,58,-34.75,70,330.75,1,41.48604472,-71.58385056,2,97
686200,58,-43,70,330.25,1,41.48604472,-71.58385056,2,98
687200,58,-44,70,330.75,1,41.48604472,-71.58385056,2,99
688200,47.90000153,-44,70,331,1,41.4844825,-71.58626028,2,100
689200,47.90000153,-30.25,70,330.75,1,41.4844825,-71.58626028,2,101
690200,47.90000153,-33.5,70,330.75,1,41.4844825,-71.58626028,2,101
691200,47.90000153,-10,70,332.5,1,41.4844825,-71.58626028,2,101
692200,47.90000153,-17,70,332.25,1,41.4844825,-71.58626028,2,102
693200,47.90000153,-4.75,70,332.5,1,41.4844825,-71.58626028,2,102
694200,47.90000153,-10.75,70,332.5,1,41.4844825,-71.58626028,2,103
695200,47.90000153,-13.75,70,332.5,1,41.4844825,-71.58626028,2,103
696200,47.90000153,-3,70,332.75,1,41.4844825,-71.58626028,2,103
697200,47.90000153,-4,70,332.75,1,41.4844825,-71.58626028,2,104
698200,34.70000076,-12.75,70,332.75,1,41.48281333,-71.58882306,2,103
699200,34.70000076,-7.5,70,332.75,1,41.48281333,-71.58882306,2,103
700200,34.70000076,5.75,70,333.75,1,41.48281333,-71.58882306,2,101
701200,34.70000076,-3.5,70,333.25,1,41.48281333,-71.58882306,2,101
702200,34.70000076,-39.75,70,331,1,41.48281333,-71.58882306,2,100
703200,34.70000076,-56,70,330.75,1,41.48281333,-71.58882306,2,100
704200,34.70000076,-6.25,70,332.5,1,41.48281333,-71.58882306,2,100
705200,34.70000076,-0.25,70,333.25,1,41.48281333,-71.58882306,2,98
706200,34.70000076,-2.75,70,333.5,1,41.48281333,-71.58882306,2,98
707200,34.70000076,-5.25,70,333.25,1,41.48281333,-71.58882306,2,97
708200,33.20000076,0,70,333.5,1,41.48118528,-71.59130778,2,95
709200,33.20000076,1.25,70,333.75,1,41.48118528,-71.59130778,2,94
710200,33.20000076,-0.5,70,333.5,1,41.48118528,-71.59130778,2,94
711200,33.20000076,-2.5,70,333.75,1,41.48118528,-71.59130778,2,93
712200,33.20000076,-16.5,70,333,1,41.48118528,-71.59130778,2,92
713200,33.20000076,-6,70,333,1,41.48118528,-71.59130778,2,92
714200,33.20000076,-6,70,333.75,1,41.48118528,-71.59130778,2,91
715200,33.20000076,-5.5,70,328.5,1,41.48118528,-71.59130778,2,92
716200,33.20000076,-98,70,328.5,1,41.48118528,-71.59130778,2,92
717200,33.20000076,-61,70,330.25,1,41.48118528,-71.59130778,2,93
718200,31.29999924,-83.5,70,329.5,1,41.47991389,-71.59387667,2,95
719200,31.29999924,-66.25,70,329.75,1,41.47991389,-71.59387667,2,96
720200,31.29999924,-9.25,70,333.5,1,41.47991389,-71.59387667,2,95
721200,31.29999924,-17.5,70,331.25,1,41.47991389,-71.59387667,2,95
722200,31.29999924,-28,70,332.25,1,41.47991389,-71.59387667,2,94
723200,31.29999924,-38.75,70,331.75,1,41.47991389,-71.59387667,2,94
724200,31.29999924,-36.75,70,331.75,1,41.47991389,-71.59387667,2,93
725200,31.29999924,-17,70,333.25,1,41.47991389,-71.59387667,2,93
726200,31.29999924,-8.5,70,333.25,1,41.47991389,-71.59387667,2,92
727200,31.29999924,-10,70,333,1,41.47991389,-71.59387667,2,90
728200,31.20000076,-5.5,70,333.5,1,41.47889667,-71.59665083,2,89
729200,31.20000076,0,70,333.75,1,41.47889667,-71.59665083,2,89
730200,31.20000076,-0.75,70,333.5,1,41.47889667,-71.59665083,2,88
731200,31.20000076,-1,70,333.75,1,41.47889667,-71.59665083,2,87
732200,31.20000076,-51.5,70,331,1,41.47889667,-71.59665083,2,87
733200,31.20000076,-54,70,331,1,41.47889667,-71.59665083,2,87
734200,31.20000076,-70.5,70,329.75,1,41.47889667,-71.59665083,2,88
735200,31.20000076,-70.5,70,330,1,41.47889667,-71.59665083,2,88
736200,31.20000076,-65.25,70,330,1,41.47889667,-71.59665083,2,89
737200,31.20000076,-64.25,70,330.25,1,41.47889667,-71.59665083,2,89
738200,30.60000038,-64.5,70,329.75,1,41.47795083,-71.59926333,2,89
739200,30.60000038,-68,70,329.75,1,41.47795083,-71.59926333,2,89
740200,30.60000038,-50,70,330,1,41.47795083,-71.59926333,2,89
741200,30.60000038,-38.5,70,331,1,41.47795083,-71.59926333,2,89
742200,30.60000038,-7.5,70,331.75,1,41.47795083,-71.59926333,2,89
743200,30.60000038,-38.25,70,331.75,1,41.47795083,-71.59926333,2,87
744200,30.60000038,-35.75,70,331.25,1,41.47795083,-71.59926333,2,86
745200,30.60000038,-31.75,69.5,331.75,1,41.47795083,-71.59926333,2,87
746200,30.60000038,-52.5,69.5,330.75,1,41.47795083,-71.59926333,2,87
747200,30.60000038,-57.25,69.5,330.5,1,41.47795083,-71.59926333,2,87
748200,30.20000076,-61.5,69.5,330.25,1,41.47707833,-71.60191917,2,88
749200,30.20000076,-65.25,69.5,329.75,1,41.47707833,-71.60191917,2,90
750200,30.20000076,-74.75,69.5,329,1,41.47707833,-71.60191917,2,91
751200,30.20000076,-75,69.5,329,1,41.47707833,-71.60191917,2,92
752200,30.20000076,-76.25,69.5,328.75,1,41.47707833,-71.60191917,2,92
753200,30.20000076,-73.75,69.5,328.5,1,41.47707833,-71.60191917,2,93
754200,30.20000076,-83.75,69.5,328.25,1,41.47707833,-71.60191917,2,94
755200,30.20000076,-85.25,69.5,328.25,1,41.47707833,-71.60191917,2,94
756200,30.20000076,-78,69.5,328,1,41.47707833,-71.60191917,2,95
757200,30.20000076,-80.25,69.5,328.25,1,41.47707833,-71.60191917,2,95
758200,31.10000038,-80.25,69.5,328.75,1,41.47675583,-71.60494861,2,96
759200,31.10000038,-68,69.5,329,1,41.47675583,-71.60494861,2,96
760200,31.10000038,-64.5,69.5,329,1,41.47675583,-71.60494861,2,96
761200,31.10000038,-47.5,69.5,329.75,1,41.47675583,-71.60494861,2,96
762200,31.10000038,-30,69.5,330.75,1,41.47675583,-71.60494861,2,95
763200,31.10000038,-9.75,69.5,331.75,1,41.47675583,-71.60494861,2,94
764200,31.10000038,-9.5,69.5,332.25,1,41.47675583,-71.60494861,2,93
765200,31.10000038,-41.5,69.5,330.5,1,41.47675583,-71.60494861,2,93
766200,31.10000038,-71.5,69.5,328.75,1,41.47675583,-71.60494861,2,94
767200,31.10000038,-71.5,69.5,328.75,1,41.47675583,-71.60494861,2,94
768200,31.10000038,-72,69.5,328.75,1,41.47642083,-71.60805111,2,94
769200,31.10000038,-75.75,69.5,328.5,1,41.47642083,-71.60805111,2,95
770200,31.10000038,-86,69.5,327.75,1,41.47642083,-71.60805111,2,95
771200,31.10000038,-99.75,69.5,327,1,41.47642083,-71.60805111,2,96
772200,31.10000038,-99,69.5,327,1,41.47642083,-71.60805111,2,97
773200,31.10000038,-90.25,69.5,327.25,1,41.47642083,-71.60805111,2,97
774200,31.10000038,-89.5,69.5,327.25,1,41.47642083,-71.60805111,2,98
775200,31.10000038,-79.25,69,327.5,1,41.47642083,-71.60805111,2,99
776200,31.10000038,-85,69,327.25,1,41.47642083,-71.60805111,2,99
777200,31.10000038,-66,69,328.25,1,41.47642083,-71.60805111,2,99
778200,32,-47.5,69,329,1,41.47543444,-71.61099583,2,99
779200,32,-17,69,331.25,1,41.47543444,-71.61099583,2,98
780200,32,-1,69,332,1,41.47543444,-71.61099583,2,96
781200,32,-2.75,69,331.75,1,41.47543444,-71.61099583,2,95
782200,32,-8.25,69,332.25,1,41.47543444,-71.61099583,2,93
783200,32,-44.75,69,330.25,1,41.47543444,-71.61099583,2,92
784200,32,-58,69,329.5,1,41.47543444,-71.61099583,2,92
785200,32,-58,69,329,1,41.47543444,-71.61099583,2,92
786200,32,-62.5,69,329,1,41.47543444,-71.61099583,2,92
787200,32,-80.75,69,328.25,1,41.47543444,-71.61099583,2,92
788200,32.20000076,-82.75,69,327.75,1,41.47430028,-71.61369917,2,93
789200,32.20000076,-81,69,327.75,1,41.47430028,-71.61369917,2,94
790200,32.20000076,-59.25,69,329.25,1,41.47430028,-71.61369917,2,95
791200,32.20000076,-54.75,69,328.75,1,41.47430028,-71.61369917,2,95
792200,32.20000076,-58.25,69,328.75,1,41.47430028,-71.61369917,2,95
793200,32.20000076,-54.75,69,329,1,41.47430028,-71.61369917,2,95
794200,32.20000076,-44.75,69,329.25,1,41.47430028,-71.61369917,2,95
795200,32.20000076,-6.25,69,331.5,1,41.47430028,-71.61369917,2,94
796200,32.20000076,-36.5,69,330,1,41.47430028,-71.61369917,2,93
797200,32.20000076,-35,69,330.25,1,41.47430028,-71.61369917,2,93
798200,32.20000076,-35.75,69,330.25,1,41.47430028,-71.61369917,2,93
799200,32.20000076,-41.75,69,330,1,41.47235667,-71.6159425,2,92
800200,32.20000076,-35.5,69,330,1,41.47235667,-71.6159425,2,92
801200,32.20000076,-67.75,69,328.25,1,41.47235667,-71.6159425,2,92
802200,32.20000076,-79.5,69,327.5,1,41.47235667,-71.6159425,2,92
803200,32.20000076,-91.5,69,327,1,41.47235667,-71.6159425,2,93
804200,32.20000076,-92,69,327,1,41.47235667,-71.6159425,2,94
805200,32.20000076,-91,68.5,326.75,1,41.47235667,-71.6159425,2,95
806200,32.20000076,-82,68.5,327.25,1,41.47235667,-71.6159425,2,95
807200,32.20000076,-82,68.5,326.75,1,41.47235667,-71.6159425,2,95
808200,32.20000076,-87.25,68.5,328.5,1,41.47235667,-71.6159425,2,94
809200,35.59999847,-63.25,68.5,328.5,1,41.47047806,-71.61775667,2,94
810200,35.59999847,-59.25,68.5,328.5,1,41.47047806,-71.61775667,2,93
811200,35.59999847,-88.75,68.5,327.5,1,41.47047806,-71.61775667,2,91
812200,35.59999847,-83.5,68.5,327.25,1,41.47047806,-71.61775667,2,91
813200,35.59999847,-99.5,68.5,326.25,1,41.47047806,-71.61775667,2,90
814200,35.59999847,-91.75,68.5,326,1,41.47047806,-71.61775667,2,90
815200,35.59999847,-91.75,68.5,326.25,1,41.47047806,-71.61775667,2,90
816200,35.59999847,-83.5,68.5,327,1,41.47047806,-71.61775667,2,90
817200,35.59999847,-23.5,68.5,330.25,1,41.47047806,-71.61775667,2,89
818200,35.59999847,-19.25,68.5,328.5,1,41.47047806,-71.61775667,2,87
819200,44,-62.75,68.5,328.5,1,41.46863778,-71.61939917,2,87
820200,44,-70,68.5,327.75,1,41.46863778,-71.61939917,2,87
821200,44,-77.25,68.5,327.25,1,41.46863778,-71.61939917,2,88
822200,44,-74.5,68.5,327.25,1,41.46863778,-71.61939917,2,88
823200,44,-77.5,68.5,327,1,41.46863778,-71.61939917,2,89
824200,44,-86.75,68.5,327,1,41.46863778,-71.61939917,2,90
825200,44,-84.5,68.5,326.75,1,41.46863778,-71.61939917,2,91
826200,44,-87.5,68.5,326.5,1,41.46863778,-71.61939917,2,92
827200,44,-86.25,68.5,326.5,1,41.46863778,-71.61939917,2,92
828200,44,-86.25,68.5,326,1,41.46863778,-71.61939917,2,94
829200,47.5,-93.25,68.5,326.25,1,41.4665025,-71.62017361,2,94
830200,47.5,-90,68.5,326.25,1,41.4665025,-71.62017361,2,96
831200,47.5,-90.5,68.5,326,1,41.4665025,-71.62017361,2,96
832200,47.5,-89.5,68.5,325.75,1,41.4665025,-71.62017361,2,96
833200,47.5,-93.75,68.5,325.75,1,41.4665025,-71.62017361,2,97
834200,47.5,-91,68.5,326,1,41.4665025,-71.62017361,2,97
835200,47.5,-92.5,68,325.75,1,41.4665025,-71.62017361,2,98
836200,47.5,-93.75,68,325.75,1,41.4665025,-71.62017361,2,99
837200,47.5,-93.5,68,326,1,41.4665025,-71.62017361,2,99
838200,47.5,-73.75,68,326,1,41.4665025,-71.62017361,2,99
839200,47.29999924,-8.25,68,330.25,1,41.46413944,-71.61962167,2,98
840200,47.29999924,-10.75,68,330.5,1,41.46413944,-71.61962167,2,98
841200,47.29999924,-4.25,68,330.75,1,41.46413944,-71.61962167,2,97
842200,47.29999924,-6,68,330.75,1,41.46413944,-71.61962167,2,98
843200,47.29999924,-4.5,68,330.75,1,41.46413944,-71.61962167,2,98
844200,47.29999924,-7.25,68,331.25,1,41.46413944,-71.61962167,2,98
845200,47.29999924,-2,68,331.25,1,41.46413944,-71.61962167,2,98
846200,47.29999924,-5.25,68,331.25,1,41.46413944,-71.61962167,2,98
847200,47.29999924,-2.25,68,331.25,1,41.46413944,-71.61962167,2,98
848200,47.29999924,-7.25,68,331.25,1,41.46413944,-71.61962167,2,98
849200,37.70000076,0,68,331.5,1,41.46193944,-71.618225,2,99
850200,37.70000076,-5.75,68,331.5,1,41.46193944,-71.618225,2,98
851200,37.70000076,-0.75,68,331.75,1,41.46193944,-71.618225,2,99
852200,37.70000076,-6,68,331.5,1,41.46193944,-71.618225,2,98
853200,37.70000076,-2.5,68,332,1,41.46193944,-71.618225,2,97
854200,37.70000076,-2.5,68,331.75,1,41.46193944,-71.618225,2,96
855200,37.70000076,-5,68,331.5,1,41.46193944,-71.618225,2,95
856200,37.70000076,6,68,331.75,1,41.46193944,-71.618225,2,94
857200,37.70000076,1.5,68,331.75,1,41.46193944,-71.618225,2,94
858200,37.70000076,2.25,68,331.75,1,41.46193944,-71.618225,2,93
859200,31.60000038,-7.5,68,332,1,41.45970278,-71.61706806,2,92
860200,31.60000038,-3,68,332,1,41.45970278,-71.61706806,2,91
861200,31.60000038,-57,68,329.25,1,41.45970278,-71.61706806,2,91
862200,31.60000038,-5.5,68,331.75,1,41.45970278,-71.61706806,2,91
863200,31.60000038,-30.75,68,330.5,1,41.45970278,-71.61706806,2,91
864200,31.60000038,-35.5,68,330,1,41.45970278,-71.61706806,2,92
865200,31.60000038,-58,68,328.5,1,41.45970278,-71.61706806,2,92
866200,31.60000038,-16.25,68,330.75,1,41.45970278,-71.61706806,2,92
867200,31.60000038,-62,68,328.75,1,41.45970278,-71.61706806,2,92
868200,31.60000038,-60.75,68,328.75,1,41.45970278,-71.61706806,2,93
869200,26.5,-71.5,68,328,1,41.45742278,-71.61698333,2,94
870200,26.5,-57.5,68,328.5,1,41.45742278,-71.61698333,2,94
871200,26.5,-70,68,328,1,41.45742278,-71.61698333,2,94
872200,26.5,-71.25,68,327.75,1,41.45742278,-71.61698333,2,95
873200,26.5,-90,68,326.75,1,41.45742278,-71.61698333,2,95
874200,26.5,-156.5,68,323.5,1,41.45742278,-71.61698333,2,97
875200,26.5,-79.5,67.5,324.5,1,41.45742278,-71.61698333,2,99
876200,26.5,-31.5,67.5,329,1,41.45742278,-71.61698333,2,99
877200,26.5,-15.75,67.5,330.5,1,41.45742278,-71.61698333,2,98
878200,26.5,-15.75,67.5,331,1,41.45742278,-71.61698333,2,96
879200,28.5,-8.5,67.5,331,1,41.45502028,-71.61700556,2,96
880200,28.5,-4,67.5,331.5,1,41.45502028,-71.61700556,2,95
881200,28.5,-7,67.5,331.5,1,41.45502028,-71.61700556,2,93
882200,28.5,-16.75,67.5,330.75,1,41.45502028,-71.61700556,2,91
883200,28.5,-31.25,67.5,329.75,1,41.45502028,-71.61700556,2,90
884200,28.5,-39.25,67.5,330,1,41.45502028,-71.61700556,2,91
885200,28.5,-40.25,67.5,329.75,1,41.45502028,-71.61700556,2,91
886200,28.5,-31.25,67.5,330,1,41.45502028,-71.61700556,2,91
887200,28.5,-38.5,67.5,329.5,1,41.45502028,-71.61700556,2,91
888200,28.5,-38.5,67.5,329.5,1,41.45502028,-71.61700556,2,92
889200,27.70000076,-47.75,67.5,329,1,41.45275333,-71.61731194,2,92
890200,27.70000076,-46.25,67.5,329,1,41.45275333,-71.61731194,2,92
891200,27.70000076,-62.25,67.5,328.25,1,41.45275333,-71.61731194,2,91
892200,27.70000076,-56.25,67.5,328.5,1,41.45275333,-71.61731194,2,90
893200,27.70000076,-65,67.5,328,1,41.45275333,-71.61731194,2,89
894200,27.70000076,-50.25,67.5,330,1,41.45275333,-71.61731194,2,88
895200,27.70000076,-78,67.5,327.25,1,41.45275333,-71.61731194,2,88
896200,27.70000076,-111.5,67.5,325.5,1,41.45275333,-71.61731194,2,89
897200,27.70000076,-122.5,67.5,324.5,1,41.45275333,-71.61731194,2,89
898200,27.70000076,-128.75,67.5,324,1,41.45275333,-71.61731194,2,91
899200,38.29999924,-130.25,67.5,325,1,41.4506675,-71.61841111,2,91
900200,38.29999924,-130.25,67.5,331.5,1,41.4506675,-71.61841111,2,91
901200,38.29999924,2.75,67.5,330.5,1,41.4506675,-71.61841111,2,90
902200,38.29999924,-3.25,67.5,330.5,1,41.4506675,-71.61841111,2,90
903200,38.29999924,-2,67.5,330.75,1,41.4506675,-71.61841111,2,88
904200,38.29999924,-9.5,67.5,330,1,41.4506675,-71.61841111,2,88
905200,38.29999924,45,67.5,333.25,1,41.4506675,-71.61841111,2,86
906200,38.29999924,82.25,67.5,336,1,41.4506675,-71.61841111,2,83
907200,38.29999924,95.75,67.5,336.75,1,41.4506675,-71.61841111,2,79
908200,38.29999924,111,67.5,338,1,41.4506675,-71.61841111,2,75
909200,40.5,112.5,67.5,338,1,41.44878083,-71.619555,2,69
910200,40.5,119.5,67.5,339,1,41.44878083,-71.619555,2,62
911200,40.5,16,67.5,335.5,1,41.44878083,-71.619555,2,53
912200,40.5,-8,67.5,332.25,1,41.44878083,-71.619555,2,53
913200,40.5,120,67.5,338.25,1,41.44878083,-71.619555,2,48
914200,40.5,97.75,67.5,338.25,1,41.44878083,-71.619555,2,40
915200,40.5,78.25,67.5,337.25,1,41.44878083,-71.619555,2,32
916200,40.5,49.75,67.5,335.75,1,41.44878083,-71.619555,2,25
917200,40.5,23,67.5,334.75,1,41.44878083,-71.619555,2,18
918200,40.5,10.5,67.5,333.75,1,41.44878083,-71.619555,2,14
919200,40.5,4,67.5,333.5,1,41.44878083,-71.619555,2,11
920200,37.90000153,1.5,67.5,333.25,1,41.44795028,-71.62007917,2,7
921200,37.90000153,-4,67.5,333,1,41.44795028,-71.62007917,2,6
922200,37.90000153,-4,67.5,333,1,41.44795028,-71.62007917,2,5
923200,37.90000153,-23.25,67.5,332,1,41.44795028,-71.62007917,2,7
924200,37.90000153,-38.75,67.5,331,1,41.44795028,-71.62007917,2,13
925200,37.90000153,-56.25,67.5,330,1,41.44795028,-71.62007917,2,19
926200,37.90000153,-56.25,67.5,329.75,1,41.44795028,-71.62007917,2,25
927200,37.90000153,-50,67.5,329.75,1,41.44795028,-71.62007917,2,25
928200,37.90000153,-5.25,67.5,332.5,1,41.44795028,-71.62007917,2,28
929200,37.90000153,-13.5,67.5,331.25,1,41.44795028,-71.62007917,2,29
930200,38.59999847,-43.5,67.5,330.5,1,41.4475425,-71.62034111,2,31
931200,38.59999847,-26.75,67.5,331.25,1,41.4475425,-71.62034111,2,34
932200,38.59999847,-3.5,67.5,332.5,1,41.4475425,-71.62034111,2,35
933200,38.59999847,-3.25,67.5,332.5,1,41.4475425,-71.62034111,2,35
934200,38.59999847,-3,67.5,332.75,1,41.4475425,-71.62034111,2,36
935200,38.59999847,-3.25,67.5,332.75,1,41.4475425,-71.62034111,2,37
936200,38.59999847,-3.75,67.5,332.75,1,41.4475425,-71.62034111,2,37
937200,38.59999847,-4,67.5,332.75,1,41.4475425,-71.62034111,2,38
938200,38.59999847,-4,67.5,332.75,1,41.4475425,-71.62034111,2,39
939200,38.59999847,-3,67.5,332.75,1,41.4475425,-71.62034111,2,39
940200,34.79999924,-12.5,67.5,332.25,1,41.44669222,-71.62079222,2,40
941200,34.79999924,-22.5,67.5,331.75,1,41.44669222,-71.62079222,2,42
942200,34.79999924,-36.5,67.5,331.25,1,41.44669222,-71.62079222,2,44
943200,34.79999924,-90.25,67.5,323.5,1,41.44669222,-71.62079222,2,49
944200,34.79999924,-3,67.5,332.5,1,41.44669222,-71.62079222,2,50
945200,34.79999924,-4.5,67.5,332.5,1,41.44669222,-71.62079222,2,50
946200,34.79999924,78,67.5,336.25,1,41.44669222,-71.62079222,2,47
947200,34.79999924,78,67.5,338,1,41.44669222,-71.62079222,2,41
948200,34.79999924,96.75,67.5,333.5,1,41.44669222,-71.62079222,2,38
949200,34.79999924,2.5,67.5,333,1,41.44669222,-71.62079222,2,36
950200,30.70000076,-4,67.5,333,1,41.4457725,-71.62158694,2,33
951200,30.70000076,-3.25,67.5,333,1,41.4457725,-71.62158694,2,33
952200,30.70000076,-4,67.5,333,1,41.4457725,-71.62158694,2,30
953200,30.70000076,-45,67.5,331.5,1,41.4457725,-71.62158694,2,28
954200,30.70000076,-49.75,67.5,330.5,1,41.4457725,-71.62158694,2,30
955200,30.70000076,-59.25,67.5,330,1,41.4457725,-71.62158694,2,32
956200,30.70000076,-82.5,67.5,328.5,1,41.4457725,-71.62158694,2,36
957200,30.70000076,-140,67.5,325.75,1,41.4457725,-71.62158694,2,42
958200,30.70000076,-295.5,67.5,318.75,1,41.4457725,-71.62158694,2,51
959200,30.70000076,-341.75,67.5,313.75,1,41.4457725,-71.62158694,2,64
960200,31.5,-332.5,67.5,313.25,1,41.44532333,-71.620725,2,74
961200,31.5,-334,67.5,312.75,1,41.44532333,-71.620725,2,84
962200,31.5,-334,67.5,312.5,1,41.44532333,-71.620725,2,92
963200,31.5,-334.75,67.5,312.25,1,41.44532333,-71.620725,2,99
964200,31.5,-329.5,67.5,311.75,1,41.44532333,-71.620725,2,106
965200,31.5,-332,66.5,311.5,1,41.44532333,-71.620725,2,111
966200,31.5,-3,66.5,328.75,1,41.44532333,-71.620725,2,111
967200,31.5,-6,66.5,329.25,1,41.44532333,-71.620725,2,110
968200,31.5,119.25,66.5,336,1,41.44532333,-71.620725,2,107
969200,31.5,97.5,66.5,336,1,41.44532333,-71.620725,2,101
970200,30.70000076,97.5,66.5,327.25,1,41.44651889,-71.61782444,2,101
971200,30.70000076,-108.5,66.5,329.25,1,41.44651889,-71.61782444,2,103
972200,30.70000076,-3.75,66.5,329.25,1,41.44651889,-71.61782444,2,103
973200,30.70000076,2.5,66.5,330.25,1,41.44651889,-71.61782444,2,101
974200,30.70000076,-1,66.5,330,1,41.44651889,-71.61782444,2,100
975200,30.70000076,-4.25,66.5,330.25,1,41.44651889,-71.61782444,2,98
976200,30.70000076,125.25,66.5,337,1,41.44651889,-71.61782444,2,95
977200,30.70000076,122,66.5,337.5,1,41.44651889,-71.61782444,2,88
978200,30.70000076,79,66.5,335.75,1,41.44651889,-71.61782444,2,83
979200,30.70000076,123.5,66.5,338,1,41.44651889,-71.61782444,2,78
980200,33.40000153,124,66.5,338.25,1,41.44791528,-71.61543667,2,70
981200,33.40000153,123.5,66.5,338.5,1,41.44791528,-71.61543667,2,62
982200,33.40000153,124,66.5,338.75,1,41.44791528,-71.61543667,2,52
983200,33.40000153,91.75,66.5,338,1,41.44791528,-71.61543667,2,41
984200,33.40000153,96.25,66.5,337.5,1,41.44791528,-71.61543667,2,32
985200,33.40000153,62,66.5,336,1,41.44791528,-71.61543667,2,23
986200,33.40000153,-20,66.5,332,1,41.44791528,-71.61543667,2,20
987200,33.40000153,-82.25,66.5,328.25,1,41.44791528,-71.61543667,2,22
988200,33.40000153,-161.25,66.5,324.25,1,41.44791528,-71.61543667,2,28
989200,33.40000153,-298.75,66.5,316.5,1,41.44791528,-71.61543667,2,39
990200,38.59999847,-344,66.5,312.75,1,41.44797083,-71.61449306,2,50
991200,38.59999847,-345,66.5,312.75,1,41.44797083,-71.61449306,2,60
992200,38.59999847,-338,66.5,312.25,1,41.44797083,-71.61449306,2,69
993200,38.59999847,-336.5,66.5,312,1,41.44797083,-71.61449306,2,77
994200,38.59999847,-2,66.5,329.25,1,41.44797083,-71.61449306,2,76
995200,38.59999847,-6,66.5,329.75,1,41.44797083,-71.61449306,2,75
996200,38.59999847,-6,66.5,329.75,1,41.44797083,-71.61449306,2,73
997200,38.59999847,-7.75,66.5,312.25,1,41.44797083,-71.61449306,2,76
998200,38.59999847,-337,66.5,312.25,1,41.44797083,-71.61449306,2,76
999200,38.59999847,-8,66.5,328.75,1,41.44797083,-71.61449306,2,81
1000200,43.20000076,-0.5,66.5,329.5,1,41.44644167,-71.61315917,2,79
1001200,43.20000076,-329.5,66.5,313.25,1,41.44644167,-71.61315917,2,80
1002200,43.20000076,-4.5,66.5,329.25,1,41.44644167,-71.61315917,2,82
1003200,43.20000076,0.5,66.5,329.5,1,41.44644167,-71.61315917,2,81
1004200,43.20000076,2,66.5,329.75,1,41.44644167,-71.61315917,2,79
1005200,43.20000076,-6.75,66,329.5,1,41.44644167,-71.61315917,2,77
1006200,43.20000076,-2.25,66,330,1,41.44644167,-71.61315917,2,75
1007200,43.20000076,-2,66,330,1,41.44644167,-71.61315917,2,73
1008200,43.20000076,-4.75,66,330,1,41.44644167,-71.61315917,2,72
1009200,43.20000076,-1.25,66,330.25,1,41.44644167,-71.61315917,2,69
1010200,46.70000076,-1.75,66,330,1,41.44476611,-71.61208111,2,67
1011200,46.70000076,-4.5,66,330,1,41.44476611,-71.61208111,2,65
1012200,46.70000076,-8.75,66,330.25,1,41.44476611,-71.61208111,2,63
1013200,46.70000076,88.25,66,334.25,1,41.44476611,-71.61208111,2,59
1014200,46.70000076,116.25,66,336.5,1,41.44476611,-71.61208111,2,50
1015200,46.70000076,-4.5,66,331,1,41.44476611,-71.61208111,2,43
1016200,46.70000076,-221.25,66,322.25,1,41.44476611,-71.61208111,2,44
1017200,46.70000076,-309.75,66,314.5,1,41.44476611,-71.61208111,2,54
1018200,46.70000076,-4.5,66,329.5,1,41.44476611,-71.61208111,2,58
1019200,46.70000076,-4.5,66,331.25,1,41.44476611,-71.61208111,2,55
1020200,55.40000153,38.75,66,330.25,1,41.44374778,-71.61104694,2,48
1021200,55.40000153,-3,66,330.25,1,41.44374778,-71.61104694,2,48
1022200,55.40000153,-179,66,323.75,1,41.44374778,-71.61104694,2,47
1023200,55.40000153,-315,66,314,1,41.44374778,-71.61104694,2,57
1024200,55.40000153,-341.75,66,311.75,1,41.44374778,-71.61104694,2,66
1025200,55.40000153,-203.5,66,320,1,41.44374778,-71.61104694,2,73
1026200,55.40000153,-2.5,66,328.5,1,41.44374778,-71.61104694,2,75
1027200,55.40000153,-2.5,66,329,1,41.44374778,-71.61104694,2,74
1028200,55.40000153,-10.75,66,329,1,41.44374778,-71.61104694,2,72
1029200,55.40000153,-188.75,66,320,1,41.44374778,-71.61104694,2,74
1030200,61.90000153,-1.5,66,329,1,41.44241167,-71.60974444,2,74
1031200,61.90000153,-3,66,329.25,1,41.44241167,-71.60974444,2,73
1032200,61.90000153,121.5,66,336,1,41.44241167,-71.60974444,2,68
1033200,61.90000153,122.5,66,336.5,1,41.44241167,-71.60974444,2,56
1034200,61.90000153,42.5,66,335.5,1,41.44241167,-71.60974444,2,49
1035200,61.90000153,-56.75,65.5,328.75,1,41.44241167,-71.60974444,2,47
1036200,61.90000153,-35.75,65.5,327.5,1,41.44241167,-71.60974444,2,50
1037200,61.90000153,-137,65.5,323,1,41.44241167,-71.60974444,2,52
1038200,61.90000153,-215,65.5,318.5,1,41.44241167,-71.60974444,2,58
1039200,61.90000153,-273.5,65.5,315.25,1,41.44241167,-71.60974444,2,64
1040200,67.90000153,-273.5,65.5,313.25,1,41.44111611,-71.60934083,2,71
1041200,67.90000153,-296.5,65.5,314.5,1,41.44111611,-71.60934083,2,76
1042200,67.90000153,-262.5,65.5,310.75,1,41.44111611,-71.60934083,2,79
1043200,67.90000153,-220.5,65.5,328.25,1,41.44111611,-71.60934083,2,78
1044200,67.90000153,-3.75,65.5,328.25,1,41.44111611,-71.60934083,2,78
1045200,67.90000153,-2.5,65.5,328.5,1,41.44111611,-71.60934083,2,76
1046200,67.90000153,-5.25,65.5,328.75,1,41.44111611,-71.60934083,2,74
1047200,67.90000153,-4.25,65.5,328.75,1,41.44111611,-71.60934083,2,72
1048200,67.90000153,0,65.5,329,1,41.44111611,-71.60934083,2,71
1049200,67.90000153,-3.5,65.5,329.25,1,41.44111611,-71.60934083,2,69
1050200,67.90000153,-6,65.5,329.25,1,41.44111611,-71.60934083,2,68
1051200,76.09999847,-6,65.5,329.25,1,41.43920889,-71.61013444,2,67
1052200,76.09999847,-0.25,65.5,329.5,1,41.43920889,-71.61013444,2,66
1053200,76.09999847,-1,65.5,329.25,1,41.43920889,-71.61013444,2,65
1054200,76.09999847,-4,65.5,329.25,1,41.43920889,-71.61013444,2,64
1055200,76.09999847,19,65.5,329.5,1,41.43920889,-71.61013444,2,63
1056200,76.09999847,104.25,65.5,335.5,1,41.43920889,-71.61013444,2,58
1057200,76.09999847,102.75,65.5,335.75,1,41.43920889,-71.61013444,2,52
1058200,76.09999847,-2.75,65.5,330.25,1,41.43920889,-71.61013444,2,49
1059200,76.09999847,-3,65.5,330.25,1,41.43920889,-71.61013444,2,50
1060200,76.09999847,55.5,65.5,331.25,1,41.43920889,-71.61013444,2,49
1061200,64.30000305,-35,65.5,330,1,41.43790833,-71.61029,2,49
1062200,64.30000305,-227,65.5,318.5,1,41.43790833,-71.61029,2,58
1063200,64.30000305,-237.25,65.5,317.5,1,41.43790833,-71.61029,2,66
1064200,64.30000305,-95,65.5,325,1,41.43790833,-71.61029,2,71
1065200,64.30000305,-46.25,65,326.5,1,41.43790833,-71.61029,2,73
1066200,64.30000305,-46.25,65,327.5,1,41.43790833,-71.61029,2,74
1067200,64.30000305,-44.75,65,327.5,1,41.43790833,-71.61029,2,74
1068200,64.30000305,-35.5,65,327.5,1,41.43790833,-71.61029,2,75
1069200,64.30000305,-25.5,65,328,1,41.43790833,-71.61029,2,75
1070200,64.30000305,-6.25,65,329,1,41.43790833,-71.61029,2,74
1071200,67.59999847,-1.25,65,329.5,1,41.43651444,-71.60879861,2,73
1072200,67.59999847,-0.25,65,329.75,1,41.43651444,-71.60879861,2,73
1073200,67.59999847,-1,65,329.75,1,41.43651444,-71.60879861,2,73
1074200,67.59999847,-5,65,329.75,1,41.43651444,-71.60879861,2,75
1075200,67.59999847,-3.25,65,329.75,1,41.43651444,-71.60879861,2,78
1076200,67.59999847,-2.25,65,330,1,41.43651444,-71.60879861,2,79
1077200,67.59999847,-5.25,65,329.75,1,41.43651444,-71.60879861,2,80
1078200,67.59999847,0,65,329.75,1,41.43651444,-71.60879861,2,79
1079200,67.59999847,126.5,65,336.75,1,41.43651444,-71.60879861,2,74
1080200,67.59999847,125,65,337,1,41.43651444,-71.60879861,2,63
1081200,60.5,-6.25,65,330.5,1,41.43506694,-71.60728222,2,59
1082200,60.5,-28.25,65,329.5,1,41.43506694,-71.60728222,2,59
1083200,60.5,-140.75,65,323.5,1,41.43506694,-71.60728222,2,61
1084200,60.5,-273,65,317.5,1,41.43506694,-71.60728222,2,67
1085200,60.5,-342.25,65,312,1,41.43506694,-71.60728222,2,76
1086200,60.5,-341.5,65,311.5,1,41.43506694,-71.60728222,2,85
1087200,60.5,-341,65,311.25,1,41.43506694,-71.60728222,2,94
1088200,60.5,-4.75,65,328.5,1,41.43506694,-71.60728222,2,94
1089200,60.5,-4.75,65,328.75,1,41.43506694,-71.60728222,2,92
1090200,60.5,1,65,335.75,1,41.43506694,-71.60728222,2,86
1091200,60.09999847,125,65,335.75,1,41.43313278,-71.60739528,2,86
1092200,60.09999847,104.75,65,334.75,1,41.43313278,-71.60739528,2,78
1093200,60.09999847,129.25,65,336.5,1,41.43313278,-71.60739528,2,71
1094200,60.09999847,129.75,65,336.75,1,41.43313278,-71.60739528,2,61
1095200,60.09999847,127.25,65,337,1,41.43313278,-71.60739528,2,50
1096200,60.09999847,123.75,65,337,1,41.43313278,-71.60739528,2,39
1097200,60.09999847,91.5,65,335.75,1,41.43313278,-71.60739528,2,28
1098200,60.09999847,53,65,333.75,1,41.43313278,-71.60739528,2,17
1099200,60.09999847,3.25,65,331.25,1,41.43313278,-71.60739528,2,7
1100200,60.09999847,-5,65,330.75,1,41.43313278,-71.60739528,2,3
1101200,56.90000153,-38.25,65,329,1,41.43226111,-71.60738639,2,6
1102200,56.90000153,-87.5,65,326.5,1,41.43226111,-71.60738639,2,15
1103200,56.90000153,-141,65,323.25,1,41.43226111,-71.60738639,2,26
1104200,56.90000153,-224.5,65,319.5,1,41.43226111,-71.60738639,2,38
1105200,56.90000153,-332,65,313,1,41.43226111,-71.60738639,2,52
1106200,56.90000153,-343,65,311.5,1,41.43226111,-71.60738639,2,65
1107200,56.90000153,-341.5,65,311,1,41.43226111,-71.60738639,2,75
1108200,56.90000153,-337.5,65,311,1,41.43226111,-71.60738639,2,83
1109200,56.90000153,1.75,65,328.25,1,41.43226111,-71.60738639,2,83
1110200,56.90000153,-2,65,328.5,1,41.43226111,-71.60738639,2,83
1111200,60.29999924,36,65,329.5,1,41.43257417,-71.60558417,2,81
1112200,60.29999924,36,65,335.5,1,41.43257417,-71.60558417,2,75
1113200,60.29999924,124.75,65,336,1,41.43257417,-71.60558417,2,70
1114200,60.29999924,119.5,65,336,1,41.43257417,-71.60558417,2,70
1115200,60.29999924,40.5,64.5,331.75,1,41.43257417,-71.60558417,2,67
1116200,60.29999924,-7.5,64.5,329.75,1,41.43257417,-71.60558417,2,67
1117200,60.29999924,-143.5,64.5,323.25,1,41.43257417,-71.60558417,2,70
1118200,60.29999924,-230.5,64.5,314,1,41.43257417,-71.60558417,2,77
1119200,60.29999924,-5,64.5,329,1,41.43257417,-71.60558417,2,77
1120200,60.29999924,1,64.5,329.25,1,41.43257417,-71.60558417,2,76
1121200,55.09999847,-4,64.5,329.25,1,41.43271472,-71.60321972,2,77
1122200,55.09999847,-0.75,64.5,329.5,1,41.43271472,-71.60321972,2,78
1123200,55.09999847,-4.25,64.5,329.25,1,41.43271472,-71.60321972,2,79
1124200,55.09999847,-5,64.5,329.5,1,41.43271472,-71.60321972,2,79
1125200,55.09999847,-2.25,64.5,329.5,1,41.43271472,-71.60321972,2,80
1126200,55.09999847,-2.5,64.5,329.5,1,41.43271472,-71.60321972,2,80
1127200,55.09999847,124,64.5,336,1,41.43271472,-71.60321972,2,78
1128200,55.09999847,126,64.5,336.5,1,41.43271472,-71.60321972,2,74
1129200,55.09999847,125.5,64.5,337,1,41.43271472,-71.60321972,2,67
1130200,55.09999847,20.5,64.5,332,1,41.43271472,-71.60321972,2,65
1131200,43.40000153,-3,64.5,330.5,1,41.43249194,-71.60078167,2,65
1132200,43.40000153,-14.5,64.5,330,1,41.43249194,-71.60078167,2,65
1133200,43.40000153,-3,64.5,330.5,1,41.43249194,-71.60078167,2,65
1134200,43.40000153,-10,64.5,330.25,1,41.43249194,-71.60078167,2,65
1135200,43.40000153,-1,64.5,330.25,1,41.43249194,-71.60078167,2,65
1136200,43.40000153,-11.75,64.5,330.5,1,41.43249194,-71.60078167,2,63
1137200,43.40000153,-11.75,64.5,330.5,1,41.43249194,-71.60078167,2,63
1138200,43.40000153,2,64.5,329.75,1,41.43249194,-71.60078167,2,62
1139200,43.40000153,-1.5,64.5,329.75,1,41.43249194,-71.60078167,2,62
1140200,43.40000153,-4,64.5,330.5,1,41.43249194,-71.60078167,2,61
1141200,37.29999924,-9,64.5,330.5,1,41.43272083,-71.59877833,2,61
1142200,37.29999924,-4.5,64.5,330.5,1,41.43272083,-71.59877833,2,59
1143200,37.29999924,-2.75,64.5,330.5,1,41.43272083,-71.59877833,2,58
1144200,37.29999924,-3.5,64.5,330.25,1,41.43272083,-71.59877833,2,57
1145200,37.29999924,-98,64.5,326,1,41.43272083,-71.59877833,2,59
1146200,37.29999924,-162,64.5,322.25,1,41.43272083,-71.59877833,2,63
1147200,37.29999924,-70,64.5,318.75,1,41.43272083,-71.59877833,2,68
1148200,37.29999924,-4,64.5,329.75,1,41.43272083,-71.59877833,2,67
1149200,37.29999924,-10.5,64.5,329.75,1,41.43272083,-71.59877833,2,66
1150200,37.29999924,-39.5,64.5,329.25,1,41.43272083,-71.59877833,2,66
1151200,33.5,-0.75,64.5,330,1,41.43259361,-71.59676361,2,66
1152200,33.5,-1,64.5,330,1,41.43259361,-71.59676361,2,65
1153200,33.5,-6.5,64.5,329.75,1,41.43259361,-71.59676361,2,65
1154200,33.5,-14,64.5,330.25,1,41.43259361,-71.59676361,2,64
1155200,33.5,-0.5,64.5,330.25,1,41.43259361,-71.59676361,2,64
1156200,33.5,5.25,64.5,330.5,1,41.43259361,-71.59676361,2,63
1157200,33.5,-5.5,64.5,330.25,1,41.43259361,-71.59676361,2,65
1158200,33.5,-3.75,64.5,330.5,1,41.43259361,-71.59676361,2,67
1159200,33.5,-3.75,64.5,330.25,1,41.43259361,-71.59676361,2,69
1160200,33.5,-2.75,64.5,330.25,1,41.43259361,-71.59676361,2,70
1161200,33.5,-6.25,64.5,330.5,1,41.43259361,-71.59676361,2,70
1162200,27.39999962,-1.5,64.5,330.25,1,41.43220778,-71.59439861,2,71
1163200,27.39999962,-3,64.5,330.25,1,41.43220778,-71.59439861,2,71
1164200,27.39999962,0.5,64.5,330.25,1,41.43220778,-71.59439861,2,72
1165200,27.39999962,-6.25,64.5,330.5,1,41.43220778,-71.59439861,2,73
1166200,27.39999962,-2.25,64.5,330.5,1,41.43220778,-71.59439861,2,75
1167200,27.39999962,-3.5,64.5,330.25,1,41.43220778,-71.59439861,2,76
1168200,27.39999962,-5,64.5,330.5,1,41.43220778,-71.59439861,2,76
1169200,27.39999962,-7,64.5,330.5,1,41.43220778,-71.59439861,2,77
1170200,27.39999962,-1.5,64.5,330.75,1,41.43220778,-71.59439861,2,76
1171200,27.39999962,1,64.5,330.5,1,41.43220778,-71.59439861,2,76
1172200,17.29999924,-4,64.5,330.75,1,41.43174667,-71.59200583,2,76
1173200,17.29999924,-1.5,64.5,330.75,1,41.43174667,-71.59200583,2,75
1174200,17.29999924,-8,64.5,331,1,41.43174667,-71.59200583,2,74
1175200,17.29999924,-4.5,64.5,330.75,1,41.43174667,-71.59200583,2,73
1176200,17.29999924,0.75,64.5,331,1,41.43174667,-71.59200583,2,72
1177200,17.29999924,-4,64.5,330.5,1,41.43174667,-71.59200583,2,71
1178200,17.29999924,-5.5,64.5,330.75,1,41.43174667,-71.59200583,2,70
1179200,17.29999924,-1,64.5,330.5,1,41.43174667,-71.59200583,2,68
1180200,17.29999924,2.5,64.5,331.25,1,41.43174667,-71.59200583,2,65
1181200,17.29999924,44,64.5,333,1,41.43174667,-71.59200583,2,61
1182200,21.60000038,-1,64.5,330.75,1,41.43127778,-71.58977278,2,59
1183200,21.60000038,-1,64.5,330.75,1,41.43127778,-71.58977278,2,58
1184200,21.60000038,-6,64.5,330.75,1,41.43127778,-71.58977278,2,58
1185200,21.60000038,-21,64.5,330.25,1,41.43127778,-71.58977278,2,56
1186200,21.60000038,-71,64.5,327.5,1,41.43127778,-71.58977278,2,60
1187200,21.60000038,-14,64.5,329.75,1,41.43127778,-71.58977278,2,60
1188200,21.60000038,-54.75,64.5,327.5,1,41.43127778,-71.58977278,2,61
1189200,21.60000038,-7.5,64.5,329.75,1,41.43127778,-71.58977278,2,64
1190200,21.60000038,-3,64.5,330.5,1,41.43127778,-71.58977278,2,65
1191200,21.60000038,2.5,64.5,330.5,1,41.43127778,-71.58977278,2,64
1192200,22.60000038,-1.5,64.5,330.75,1,41.43089194,-71.58779583,2,64
1193200,22.60000038,-4.25,64.5,330.25,1,41.43089194,-71.58779583,2,65
1194200,22.60000038,-3.5,64.5,330.75,1,41.43089194,-71.58779583,2,65
1195200,22.60000038,-3.5,64.5,330.75,1,41.43089194,-71.58779583,2,65
1196200,22.60000038,-4.5,64.5,330.5,1,41.43089194,-71.58779583,2,64
1197200,22.60000038,-2,64.5,330.75,1,41.43089194,-71.58779583,2,63
1198200,22.60000038,-4,64.5,330.75,1,41.43089194,-71.58779583,2,62
1199200,22.60000038,1.5,64.5,330.75,1,41.43089194,-71.58779583,2,62
1200200,22.60000038,-33,64.5,329.5,1,41.43089194,-71.58779583,2,60
1201200,22.60000038,-12,64.5,330.75,1,41.43089194,-71.58779583,2,59
1202200,20.79999924,-53.5,64.5,328.5,1,41.43080306,-71.58574,2,59
1203200,20.79999924,-80,64.5,326.75,1,41.43080306,-71.58574,2,60
1204200,20.79999924,-87.5,64.5,326,1,41.43080306,-71.58574,2,63
1205200,20.79999924,-32.5,64.5,329,1,41.43080306,-71.58574,2,65
1206200,20.79999924,-20,64.5,329,1,41.43080306,-71.58574,2,66
1207200,20.79999924,-3,64.5,330.25,1,41.43080306,-71.58574,2,66
1208200,20.79999924,-3,64.5,330.5,1,41.43080306,-71.58574,2,66
1209200,20.79999924,-3.5,64.5,330.5,1,41.43080306,-71.58574,2,66
1210200,20.79999924,-1,64.5,330.25,1,41.43080306,-71.58574,2,65
1211200,20.79999924,1.5,64.5,330.25,1,41.43080306,-71.58574,2,65
1212200,15.69999981,-6.5,64.5,330.5,1,41.43034694,-71.58371528,2,63
1213200,15.69999981,-1,64.5,330.75,1,41.43034694,-71.58371528,2,62
1214200,15.69999981,-17.5,64.5,330.25,1,41.43034694,-71.58371528,2,62
1215200,15.69999981,-114,64.5,325,1,41.43034694,-71.58371528,2,64
1216200,15.69999981,-109.25,64.5,324.5,1,41.43034694,-71.58371528,2,68
1217200,15.69999981,-123.25,64.5,324.5,1,41.43034694,-71.58371528,2,70
1218200,15.69999981,-25,64.5,328.75,1,41.43034694,-71.58371528,2,70
1219200,15.69999981,-8.75,64.5,329.75,1,41.43034694,-71.58371528,2,70
1220200,15.69999981,-2,64.5,330,1,41.43034694,-71.58371528,2,69
1221200,15.69999981,-4.5,64.5,330.25,1,41.43034694,-71.58371528,2,68
1222200,8.600000381,-3.75,64.5,330.5,1,41.42986194,-71.58163667,2,68
1223200,8.600000381,-3.75,64.5,330.5,1,41.42986194,-71.58163667,2,67
1224200,8.600000381,-33.25,64.5,329.25,1,41.42986194,-71.58163667,2,67
1225200,8.600000381,-3.5,64,330.25,1,41.42986194,-71.58163667,2,67
1226200,8.600000381,-4.5,64,330.25,1,41.42986194,-71.58163667,2,66
1227200,8.600000381,-34.5,64,329,1,41.42986194,-71.58163667,2,66
1228200,8.600000381,15.5,64,330.75,1,41.42986194,-71.58163667,2,66
1229200,8.600000381,-1,64,330.5,1,41.42986194,-71.58163667,2,65
1230200,8.600000381,-6.5,64,330.5,1,41.42986194,-71.58163667,2,64
1231200,8.600000381,-55,64,328.25,1,41.42986194,-71.58163667,2,65
1232200,13.30000019,-55,64,326.75,1,41.42933,-71.57954222,2,66
1233200,13.30000019,-53,64,326.75,1,41.42933,-71.57954222,2,66
1234200,13.30000019,-77.25,64,326.5,1,41.42933,-71.57954222,2,67
1235200,13.30000019,-67,64,327,1,41.42933,-71.57954222,2,69
1236200,13.30000019,-15.75,64,329,1,41.42933,-71.57954222,2,70
1237200,13.30000019,-12.5,64,329.5,1,41.42933,-71.57954222,2,69
1238200,13.30000019,-12.75,64,329.5,1,41.42933,-71.57954222,2,69
1239200,13.30000019,-23.75,64,329,1,41.42933,-71.57954222,2,68
1240200,13.30000019,-7,64,330,1,41.42933,-71.57954222,2,68
1241200,13.30000019,-5.75,64,330.25,1,41.42933,-71.57954222,2,67
1242200,14,-6,64,330,1,41.42875333,-71.57744056,2,66
1243200,14,-0.75,64,330.25,1,41.42875333,-71.57744056,2,65
1244200,14,-13.5,64,330,1,41.42875333,-71.57744056,2,65
1245200,14,-7.5,64,330,1,41.42875333,-71.57744056,2,65
1246200,14,-62.75,64,327.75,1,41.42875333,-71.57744056,2,64
1247200,14,-8,64,329.75,1,41.42875333,-71.57744056,2,65
1248200,14,-2.5,64,329.5,1,41.42875333,-71.57744056,2,65
1249200,14,-6.25,64,330.25,1,41.42875333,-71.57744056,2,64
1250200,14,-50.5,64,328.5,1,41.42875333,-71.57744056,2,65
1251200,14,-71.5,64,326.75,1,41.42875333,-71.57744056,2,66
1252200,22.60000038,-71.5,64,325.75,1,41.42838667,-71.57529222,2,68
1253200,22.60000038,-83.5,64,328.75,1,41.42838667,-71.57529222,2,69
1254200,22.60000038,-22.5,64,329,1,41.42838667,-71.57529222,2,69
1255200,22.60000038,-21.75,64,329.75,1,41.42838667,-71.57529222,2,68
1256200,22.60000038,-2,64,329.75,1,41.42838667,-71.57529222,2,68
1257200,22.60000038,-32,64,329,1,41.42838667,-71.57529222,2,68
1258200,22.60000038,-43.25,64,327.75,1,41.42838667,-71.57529222,2,68
1259200,22.60000038,-48,64,327.75,1,41.42838667,-71.57529222,2,69
1260200,22.60000038,-12.5,64,329.25,1,41.42838667,-71.57529222,2,69
1261200,22.60000038,-9.5,64,329.5,1,41.42838667,-71.57529222,2,68
1262200,23.20000076,-4.5,64,330,1,41.42840139,-71.57300528,2,68
1263200,23.20000076,-13.75,64,329.5,1,41.42840139,-71.57300528,2,67
1264200,23.20000076,-22,64,329.5,1,41.42840139,-71.57300528,2,67
1265200,23.20000076,-4.25,64,330,1,41.42840139,-71.57300528,2,66
1266200,23.20000076,-6.25,64,330.25,1,41.42840139,-71.57300528,2,65
1267200,23.20000076,-8.25,64,329.75,1,41.42840139,-71.57300528,2,65
1268200,23.20000076,-34.5,64,328.75,1,41.42840139,-71.57300528,2,64
1269200,23.20000076,-32,64,328.75,1,41.42840139,-71.57300528,2,65
1270200,23.20000076,-72.75,64,326.5,1,41.42840139,-71.57300528,2,66
1271200,23.20000076,-82.75,64,326,1,41.42840139,-71.57300528,2,68
1272200,26.70000076,-88,64,325.25,1,41.42850333,-71.5708275,2,70
1273200,26.70000076,-79.5,64,325.75,1,41.42850333,-71.5708275,2,72
1274200,26.70000076,-43.75,64,327.75,1,41.42850333,-71.5708275,2,72
1275200,26.70000076,-2.75,64,329.75,1,41.42850333,-71.5708275,2,71
1276200,26.70000076,-5.25,64,329.75,1,41.42850333,-71.5708275,2,70
1277200,26.70000076,-5,64,330,1,41.42850333,-71.5708275,2,69
1278200,26.70000076,-6.5,64,329.75,1,41.42850333,-71.5708275,2,68
1279200,26.70000076,-6.5,64,331,1,41.42850333,-71.5708275,2,67
1280200,26.70000076,25.75,64,331,1,41.42850333,-71.5708275,2,67
1281200,26.70000076,66,64,333.25,1,41.42850333,-71.5708275,2,64
1282200,27.5,-2,64,330.25,1,41.42920667,-71.56874111,2,63
1283200,27.5,0,64,330,1,41.42920667,-71.56874111,2,62
1284200,27.5,-4.25,64,330.25,1,41.42920667,-71.56874111,2,62
1285200,27.5,-4.25,64,330,1,41.42920667,-71.56874111,2,60
1286200,27.5,-79.5,64,326.5,1,41.42920667,-71.56874111,2,60
1287200,27.5,-94.5,64,325.25,1,41.42920667,-71.56874111,2,63
1288200,27.5,-122.75,64,323.5,1,41.42920667,-71.56874111,2,66
1289200,27.5,-32,64,328,1,41.42920667,-71.56874111,2,68
1290200,27.5,-29,64,328.25,1,41.42920667,-71.56874111,2,68
1291200,27.5,-24,64,328.5,1,41.42920667,-71.56874111,2,68
1292200,27.5,-18.75,64,328.75,1,41.42920667,-71.56874111,2,67
1293200,30,-11,64,329.5,1,41.42896583,-71.56646833,2,66
1294200,30,-22.75,64,328.5,1,41.42896583,-71.56646833,2,64
1295200,30,-20.25,63.5,329,1,41.42896583,-71.56646833,2,63
1296200,30,-6,63.5,329.5,1,41.42896583,-71.56646833,2,63
1297200,30,-25,63.5,329.25,1,41.42896583,-71.56646833,2,63
1298200,30,-28.5,63.5,328.5,1,41.42896583,-71.56646833,2,65
1299200,30,-22.25,63.5,328.75,1,41.42896583,-71.56646833,2,66
1300200,30,-9.25,63.5,329.5,1,41.42896583,-71.56646833,2,65
1301200,30,-9.25,63.5,329.5,1,41.42896583,-71.56646833,2,65
1302200,30,-21.75,63.5,327,1,41.42896583,-71.56646833,2,66
1303200,28.89999962,-64.75,63.5,327,1,41.42873556,-71.56435722,2,66
1304200,28.89999962,-32.25,63.5,328,1,41.42873556,-71.56435722,2,66
1305200,28.89999962,-8.5,63.5,329.25,1,41.42873556,-71.56435722,2,65
1306200,28.89999962,-11,63.5,329.5,1,41.42873556,-71.56435722,2,63
1307200,28.89999962,-11.5,63.5,329.5,1,41.42873556,-71.56435722,2,61
1308200,28.89999962,-7,63.5,329.75,1,41.42873556,-71.56435722,2,60
1309200,28.89999962,-17.75,63.5,329.75,1,41.42873556,-71.56435722,2,60
1310200,28.89999962,-22.5,63.5,328.75,1,41.42873556,-71.56435722,2,61
1311200,28.89999962,-20.25,63.5,329,1,41.42873556,-71.56435722,2,61
1312200,28.89999962,-9.25,63.5,329.5,1,41.42873556,-71.56435722,2,61
1313200,22.39999962,-10,63.5,329.5,1,41.42856528,-71.56237194,2,62
1314200,22.39999962,-11.25,63.5,329.5,1,41.42856528,-71.56237194,2,62
1315200,22.39999962,-6.75,63.5,329.5,1,41.42856528,-71.56237194,2,62
1316200,22.39999962,-1.75,63.5,330,1,41.42856528,-71.56237194,2,61
1317200,22.39999962,-3.5,63.5,330,1,41.42856528,-71.56237194,2,60
1318200,22.39999962,-6.5,63.5,330,1,41.42856528,-71.56237194,2,59
1319200,22.39999962,53,63.5,332.5,1,41.42856528,-71.56237194,2,56
1320200,22.39999962,51.5,63.5,333,1,41.42856528,-71.56237194,2,51
1321200,22.39999962,14.75,63.5,331.25,1,41.42856528,-71.56237194,2,48
1322200,22.39999962,-3.5,63.5,330.25,1,41.42856528,-71.56237194,2,46
1323200,23.60000038,-6,63.5,330,1,41.42836694,-71.56053944,2,45
1324200,23.60000038,-6,63.5,330.25,1,41.42836694,-71.56053944,2,44
1325200,23.60000038,1,63.5,330.25,1,41.42836694,-71.56053944,2,43
1326200,23.60000038,-4.25,63.5,330.25,1,41.42836694,-71.56053944,2,43
1327200,23.60000038,-3,63.5,330.25,1,41.42836694,-71.56053944,2,42
1328200,23.60000038,-2.5,63.5,330.25,1,41.42836694,-71.56053944,2,42
1329200,23.60000038,-5.25,63.5,330.25,1,41.42836694,-71.56053944,2,41
1330200,23.60000038,54,63.5,332.75,1,41.42836694,-71.56053944,2,38
1331200,23.60000038,73.5,63.5,334.5,1,41.42836694,-71.56053944,2,31
1332200,23.60000038,45.25,63.5,333.25,1,41.42836694,-71.56053944,2,25
1333200,24.5,22.5,63.5,332,1,41.42821556,-71.55932444,2,20
1334200,24.5,25.25,63.5,332.25,1,41.42821556,-71.55932444,3,14
1335200,24.5,-2.5,63.5,330.75,1,41.42821556,-71.55932444,3,12
1336200,24.5,-4.25,63.5,330.75,1,41.42821556,-71.55932444,3,11
1337200,24.5,-4,63.5,330.5,1,41.42821556,-71.55932444,3,11
1338200,24.5,-1.5,63.5,331,1,41.42821556,-71.55932444,3,9
1339200,24.5,-4,63.5,330.5,1,41.42821556,-71.55932444,3,9
1340200,24.5,-4,63.5,330.5,1,41.42821556,-71.55932444,3,9
1341200,24.5,2.25,63.5,331,1,41.42821556,-71.55932444,3,7
1342200,24.5,-4.5,63.5,330.5,1,41.42821556,-71.55932444,3,5
1343200,24.10000038,-28.5,63.5,329.5,1,41.42816333,-71.55898694,3,9
1344200,24.10000038,-49.5,63.5,328.25,1,41.42816333,-71.55898694,3,15
1345200,24.10000038,-95,63.5,326,1,41.42816333,-71.55898694,3,22
1346200,24.10000038,-158.75,63.5,322.5,1,41.42816333,-71.55898694,3,32
1347200,24.10000038,-225,63.5,319,1,41.42816333,-71.55898694,3,43
1348200,24.10000038,-337.75,63.5,313,1,41.42816333,-71.55898694,3,55
1349200,24.10000038,-337.75,63.5,311.5,1,41.42816333,-71.55898694,3,66
1350200,24.10000038,-343.5,63.5,311.5,1,41.42816333,-71.55898694,3,66
1351200,24.10000038,-102,63.5,316.5,1,41.42816333,-71.55898694,3,73
1352200,24.10000038,0.5,63.5,328.5,1,41.42816333,-71.55898694,3,72
1353200,30.5,-199.5,63.5,319.25,1,41.427075,-71.5594925,3,75
1354200,30.5,-1,63.5,328.25,1,41.427075,-71.5594925,3,75
1355200,30.5,-26,63,328.25,1,41.427075,-71.5594925,3,75
1356200,30.5,0.75,63,328.75,1,41.427075,-71.5594925,3,74
1357200,30.5,-0.5,63,328.75,1,41.427075,-71.5594925,3,74
1358200,30.5,-19.5,63,328.25,1,41.427075,-71.5594925,3,74
1359200,30.5,-16.25,63,328.25,1,41.427075,-71.5594925,3,75
1360200,30.5,-18.5,63,328.25,1,41.427075,-71.5594925,3,75
1361200,30.5,-21,63,328.25,1,41.427075,-71.5594925,3,75
1362200,30.5,-65.5,63,326,1,41.427075,-71.5594925,3,76
1363200,30.10000038,-58.25,63,326,1,41.42585528,-71.56132056,3,77
1364200,30.10000038,-55,63,326,1,41.42585528,-71.56132056,3,78
1365200,30.10000038,-121.5,63,322.75,1,41.42585528,-71.56132056,3,80
1366200,30.10000038,-144,63,321.75,1,41.42585528,-71.56132056,3,83
1367200,30.10000038,-152,63,320.75,1,41.42585528,-71.56132056,3,86
1368200,30.10000038,-42,63,326,1,41.42585528,-71.56132056,3,86
1369200,30.10000038,-4.5,63,328.5,1,41.42585528,-71.56132056,3,85
1370200,30.10000038,-2.5,63,328.25,1,41.42585528,-71.56132056,3,84
1371200,30.10000038,-2.5,63,328.75,1,41.42585528,-71.56132056,3,83
1372200,30.10000038,-8,63,328.75,1,41.42585528,-71.56132056,3,82
1373200,29.60000038,-0.75,63,328.75,1,41.42385722,-71.56186861,3,81
1374200,29.60000038,-2,63,329,1,41.42385722,-71.56186861,3,80
1375200,29.60000038,-0.75,63,329,1,41.42385722,-71.56186861,3,80
1376200,29.60000038,-0.75,63,329,1,41.42385722,-71.56186861,3,78
1377200,29.60000038,-3.5,63,329,1,41.42385722,-71.56186861,3,77
1378200,29.60000038,-8.5,63,329,1,41.42385722,-71.56186861,3,75
1379200,29.60000038,-8,63,329.25,1,41.42385722,-71.56186861,3,74
1380200,29.60000038,-56,63,326.75,1,41.42385722,-71.56186861,3,77
1381200,29.60000038,-30.75,63,326.75,1,41.42385722,-71.56186861,3,77
1382200,29.60000038,-48,63,326.5,1,41.42385722,-71.56186861,3,78
1383200,28.5,-41,63,326.75,1,41.42194583,-71.56199694,3,79
1384200,28.5,-39.25,63,326.75,1,41.42194583,-71.56199694,3,79
1385200,28.5,-34.75,63,327,1,41.42194583,-71.56199694,3,79
1386200,28.5,-29,63,327,1,41.42194583,-71.56199694,3,79
1387200,28.5,-23.25,63,327.75,1,41.42194583,-71.56199694,3,79
1388200,28.5,-24,63,328,1,41.42194583,-71.56199694,3,78
1389200,28.5,-19.5,63,328,1,41.42194583,-71.56199694,3,78
1390200,28.5,-34.25,63,327.5,1,41.42194583,-71.56199694,3,78
1391200,28.5,-52,63,326.25,1,41.42194583,-71.56199694,3,78
1392200,28.5,-50.5,63,326.25,1,41.42194583,-71.56199694,3,79
1393200,21.60000038,-52.75,63,326.25,1,41.42001611,-71.56213917,3,79
1394200,21.60000038,-52.75,63,324.75,1,41.42001611,-71.56213917,3,79
1395200,21.60000038,-89.75,63,324.25,1,41.42001611,-71.56213917,3,80
1396200,21.60000038,-84.75,63,324.25,1,41.42001611,-71.56213917,3,80
1397200,21.60000038,-89.25,63,324,1,41.42001611,-71.56213917,3,79
1398200,21.60000038,-87.75,63,324,1,41.42001611,-71.56213917,3,78
1399200,21.60000038,-5.5,63,328.5,1,41.42001611,-71.56213917,3,75
1400200,21.60000038,-24.25,63,325.25,1,41.42001611,-71.56213917,3,70
1401200,21.60000038,-69,63,325.25,1,41.42001611,-71.56213917,3,68
1402200,21.60000038,-90.75,63,324,1,41.42001611,-71.56213917,3,67
1403200,37.5,-113.25,63,322.75,1,41.41820667,-71.56234611,3,67
1404200,37.5,-63,63,325.5,1,41.41820667,-71.56234611,3,67
1405200,37.5,-96.5,62.5,323.5,1,41.41820667,-71.56234611,3,67
1406200,37.5,-111.75,62.5,322.5,1,41.41820667,-71.56234611,3,69
1407200,37.5,-119,62.5,322.25,1,41.41820667,-71.56234611,3,71
1408200,37.5,-70,62.5,325,1,41.41820667,-71.56234611,3,73
1409200,37.5,-10.25,62.5,326.75,1,41.41820667,-71.56234611,3,74
1410200,37.5,-7,62.5,327.75,1,41.41820667,-71.56234611,3,75
1411200,37.5,-99.5,62.5,324.75,1,41.41820667,-71.56234611,3,77
1412200,37.5,-66,62.5,324.75,1,41.41820667,-71.56234611,3,79
1413200,35.29999924,-24.75,62.5,327.75,1,41.41643194,-71.56267083,3,79
1414200,35.29999924,-1.75,62.5,328,1,41.41643194,-71.56267083,3,78
1415200,35.29999924,-4.25,62.5,328,1,41.41643194,-71.56267083,3,76
1416200,35.29999924,-3.5,62.5,328.25,1,41.41643194,-71.56267083,3,73
1417200,35.29999924,-4.25,62.5,328.25,1,41.41643194,-71.56267083,3,69
1418200,35.29999924,-0.75,62.5,328.25,1,41.41643194,-71.56267083,3,66
1419200,35.29999924,-0.75,62.5,327.75,1,41.41643194,-71.56267083,3,65
1420200,35.29999924,-23.75,62.5,324.5,1,41.41643194,-71.56267083,3,66
1421200,35.29999924,-81.5,62.5,324.5,1,41.41643194,-71.56267083,3,66
1422200,35.29999924,-113.5,62.5,322.75,1,41.41643194,-71.56267083,3,69
1423200,41.90000153,-122.5,62.5,323.75,1,41.41466694,-71.56252583,3,71
1424200,41.90000153,-91.25,62.5,326.25,1,41.41466694,-71.56252583,3,73
1425200,41.90000153,-32.75,62.5,326.25,1,41.41466694,-71.56252583,3,74
1426200,41.90000153,-23.5,62.5,327,1,41.41466694,-71.56252583,3,73
1427200,41.90000153,-18.75,62.5,327,1,41.41466694,-71.56252583,3,72
1428200,41.90000153,-90.75,62.5,323.5,1,41.41466694,-71.56252583,3,70
1429200,41.90000153,-71.5,62.5,324.25,1,41.41466694,-71.56252583,3,70
1430200,41.90000153,-77.25,62.5,324,1,41.41466694,-71.56252583,3,70
1431200,41.90000153,-85.75,62.5,323.5,1,41.41466694,-71.56252583,3,73
1432200,41.90000153,-102.5,62.5,322.5,1,41.41466694,-71.56252583,3,78
1433200,41.90000153,-71,62.5,324,1,41.41466694,-71.56252583,3,82
1434200,44.5,-47.75,62.5,325,1,41.41276333,-71.56151944,3,85
1435200,44.5,-6.25,62,327.75,1,41.41276333,-71.56151944,3,86
1436200,44.5,-2.75,62,327.75,1,41.41276333,-71.56151944,3,86
1437200,44.5,-1,62,328,1,41.41276333,-71.56151944,3,84
1438200,44.5,-4,62,328,1,41.41276333,-71.56151944,3,83
1439200,44.5,-8.25,62,328,1,41.41276333,-71.56151944,3,82
1440200,44.5,-8.25,62,328,1,41.41276333,-71.56151944,3,81
1441200,44.5,-5,62,328,1,41.41276333,-71.56151944,3,80
1442200,44.5,-5.75,62,328.25,1,41.41276333,-71.56151944,3,79
1443200,44.5,-5.75,62,327.75,1,41.41276333,-71.56151944,3,79
1444200,43.59999847,-9,62,328.25,1,41.41110111,-71.55995861,3,79
1445200,43.59999847,-2.75,62,328.25,1,41.41110111,-71.55995861,3,79
1446200,43.59999847,-4.75,62,328,1,41.41110111,-71.55995861,3,77
1447200,43.59999847,-6,62,328.5,1,41.41110111,-71.55995861,3,75
1448200,43.59999847,121.5,62,335,1,41.41110111,-71.55995861,3,72
1449200,43.59999847,126.5,62,335.25,1,41.41110111,-71.55995861,3,66
1450200,43.59999847,29.5,62,331.25,1,41.41110111,-71.55995861,3,62
1451200,43.59999847,-2.5,62,329.25,1,41.41110111,-71.55995861,3,62
1452200,43.59999847,-2.75,62,329,1,41.41110111,-71.55995861,3,63
1453200,43.59999847,-2.75,62,329,1,41.41110111,-71.55995861,3,65
1454200,37.5,-81.25,62,324.75,1,41.40948194,-71.559525,2,68
1455200,37.5,-72.75,62,325,1,41.40948194,-71.559525,2,72
1456200,37.5,-98.25,62,323.25,1,41.40948194,-71.559525,2,76
1457200,37.5,-96.25,62,324,1,41.40948194,-71.559525,2,79
1458200,37.5,-73.25,62,323.75,1,41.40948194,-71.559525,2,83
1459200,37.5,-70.75,62,324.75,1,41.40948194,-71.559525,2,87
1460200,37.5,-102,62,324.25,1,41.40948194,-71.559525,2,89
1461200,37.5,-2.75,62,328.25,1,41.40948194,-71.559525,2,89
1462200,37.5,-2,62,328.25,1,41.40948194,-71.559525,2,88
1463200,37.5,-5,62,328.5,1,41.40948194,-71.559525,2,86
1464200,27.39999962,-4,62,328.25,1,41.40758222,-71.56042861,2,85
1465200,27.39999962,-4,62,325.5,1,41.40758222,-71.56042861,2,85
1466200,27.39999962,-62.75,62,327.5,1,41.40758222,-71.56042861,2,84
1467200,27.39999962,-17.25,62,328.5,1,41.40758222,-71.56042861,2,82
1468200,27.39999962,-2.5,62,328.5,1,41.40758222,-71.56042861,2,82
1469200,27.39999962,-2.75,62,328.5,1,41.40758222,-71.56042861,2,80
1470200,27.39999962,-8,62,328.5,1,41.40758222,-71.56042861,2,78
1471200,27.39999962,0,62,328.5,1,41.40758222,-71.56042861,2,77
1472200,27.39999962,-5.75,62,328.5,1,41.40758222,-71.56042861,2,78
1473200,27.39999962,-2.25,62,328.5,1,41.40758222,-71.56042861,2,79
1474200,24.79999924,2,62,328.25,1,41.40560861,-71.56075972,2,78
1475200,24.79999924,-57.5,62,328.25,1,41.40560861,-71.56075972,2,78
1476200,24.79999924,-71,62,325,1,41.40560861,-71.56075972,2,78
1477200,24.79999924,-104.5,62,323.25,1,41.40560861,-71.56075972,2,78
1478200,24.79999924,-119.5,62,322,1,41.40560861,-71.56075972,2,79
1479200,24.79999924,-108.5,62,324,1,41.40560861,-71.56075972,2,80
1480200,24.79999924,-75.25,62,324,1,41.40560861,-71.56075972,2,80
1481200,24.79999924,-26.75,62,327.5,1,41.40560861,-71.56075972,2,80
1482200,24.79999924,-13,62,327.5,1,41.40560861,-71.56075972,2,79
1483200,24.79999924,-20.75,62,327.5,1,41.40560861,-71.56075972,2,78
1484200,33,-13.5,62,327.5,1,41.40362611,-71.56096,2,78
1485200,33,-3.25,62,328,1,41.40362611,-71.56096,2,77
1486200,33,-6.5,62,328,1,41.40362611,-71.56096,2,77
1487200,33,0,62,328.25,1,41.40362611,-71.56096,2,77
1488200,33,-2.5,62,328,1,41.40362611,-71.56096,2,77
1489200,33,-8.75,62,328.5,1,41.40362611,-71.56096,2,77
1490200,33,-8.75,62,328.25,1,41.40362611,-71.56096,2,77
1491200,33,-2.25,62,328.25,1,41.40362611,-71.56096,2,77
1492200,33,-4.75,62,328.25,1,41.40362611,-71.56096,2,77
1493200,33,-5.5,62,328.5,1,41.40362611,-71.56096,2,77
1494200,21.29999924,-3,62,328.5,1,41.4017225,-71.56113833,2,78
1495200,21.29999924,-5.5,62,328.5,1,41.4017225,-71.56113833,2,79
1496200,21.29999924,-6.5,62,328.25,1,41.4017225,-71.56113833,2,78
1497200,21.29999924,-4.5,62,328.25,1,41.4017225,-71.56113833,2,77
1498200,21.29999924,-3.75,62,335.5,1,41.4017225,-71.56113833,2,77
1499200,21.29999924,125.5,62,335.5,1,41.4017225,-71.56113833,2,71
1500200,21.29999924,124,62,335.75,1,41.4017225,-71.56113833,2,64
1501200,21.29999924,-3.25,62,329.25,1,41.4017225,-71.56113833,2,60
1502200,21.29999924,124.25,62,334.75,1,41.4017225,-71.56113833,2,56
1503200,21.29999924,92.5,62,334.75,1,41.4017225,-71.56113833,2,41
1504200,14.10000038,23,62,329.5,1,41.40013583,-71.56122361,2,25
1505200,14.10000038,-3.5,62,329.5,1,41.40013583,-71.56122361,2,5
1506200,14.10000038,-37.75,62,327.75,1,41.40013583,-71.56122361,2,5
1507200,14.10000038,-167,62,321,1,41.40013583,-71.56122361,2,24
1508200,14.10000038,-167,62,313.75,1,41.40013583,-71.56122361,2,24
1509200,14.10000038,-307.5,62,310.5,1,41.40013583,-71.56122361,2,41
1510200,14.10000038,-349,62,310.25,1,41.40013583,-71.56122361,2,55
1511200,14.10000038,-342.25,62,310,1,41.40013583,-71.56122361,2,67
1512200,14.10000038,-339,62,309.75,1,41.40013583,-71.56122361,2,77
1513200,14.10000038,-339,62,309.25,1,41.40013583,-71.56122361,2,85
1514200,18.20000076,-338.5,62,309.25,1,41.39906028,-71.56118833,2,85
1515200,18.20000076,-337,62,309,1,41.39906028,-71.56118833,2,100
1516200,18.20000076,-336.25,62,325.5,1,41.39906028,-71.56118833,2,104
1517200,18.20000076,-6.5,61,332.75,1,41.39906028,-71.56118833,2,100
1518200,18.20000076,125.5,61,333.25,1,41.39906028,-71.56118833,2,92
1519200,18.20000076,125.5,61,333.75,1,41.39906028,-71.56118833,2,83
1520200,18.20000076,125.5,61,334,1,41.39906028,-71.56118833,2,70
1521200,18.20000076,120.25,61,334.5,1,41.39906028,-71.56118833,2,55
1522200,18.20000076,124.5,61,330.5,1,41.39906028,-71.56118833,2,45
1523200,18.20000076,18.75,61,330.5,1,41.39906028,-71.56118833,2,43
1524200,23.5,-4,61,325.25,1,41.39711167,-71.56130694,2,42
1525200,23.5,-91.25,61,313.25,1,41.39711167,-71.56130694,2,50
1526200,23.5,-330,61,309.75,1,41.39711167,-71.56130694,2,62
1527200,23.5,-344.5,61,309.75,1,41.39711167,-71.56130694,2,62
1528200,23.5,-342.5,61,309,1,41.39711167,-71.56130694,2,82
1529200,23.5,-340.5,61,308.5,1,41.39711167,-71.56130694,2,89
1530200,23.5,-318.5,61,325.75,1,41.39711167,-71.56130694,2,89
1531200,23.5,-3,61,326,1,41.39711167,-71.56130694,2,88
1532200,23.5,-2.75,61,327.5,1,41.39711167,-71.56130694,2,87
1533200,23.5,-2.75,61,333.25,1,41.39711167,-71.56130694,2,79
1534200,27.39999962,83.5,61,333.5,1,41.39662667,-71.56365861,2,73
1535200,27.39999962,125.75,61,334,1,41.39662667,-71.56365861,2,63
1536200,27.39999962,125.75,61,334,1,41.39662667,-71.56365861,2,50
1537200,27.39999962,124.5,61,334,1,41.39662667,-71.56365861,2,50
1538200,27.39999962,59,61,334,1,41.39662667,-71.56365861,2,41
1539200,27.39999962,59,61,331.25,1,41.39662667,-71.56365861,2,38
1540200,27.39999962,22.5,61,329,1,41.39662667,-71.56365861,2,36
1541200,27.39999962,5.5,61,328.5,1,41.39662667,-71.56365861,2,34
1542200,27.39999962,57.25,61,330.25,1,41.39662667,-71.56365861,2,27
1543200,27.39999962,71,61,331.75,1,41.39662667,-71.56365861,2,18
1544200,25.5,51,61,331.25,1,41.39613944,-71.56453111,2,18
1545200,25.5,-0.75,61,328.5,1,41.39613944,-71.56453111,2,8
1546200,25.5,-4.75,61,328,1,41.39613944,-71.56453111,2,3
1547200,25.5,-62.25,61,319,1,41.39613944,-71.56453111,2,21
1548200,25.5,-203.75,61,319,1,41.39613944,-71.56453111,2,38
1549200,25.5,-333.25,61,311.75,1,41.39613944,-71.56453111,2,38
1550200,25.5,-350.5,61,309.25,1,41.39613944,-71.56453111,2,64
1551200,25.5,-344.5,61,309,1,41.39613944,-71.56453111,2,64
1552200,25.5,-342.5,61,308.75,1,41.39613944,-71.56453111,2,82
1553200,25.5,-339.75,61,308.5,1,41.39613944,-71.56453111,2,82
1554200,25.79999924,-340.5,61,308.25,1,41.39622083,-71.56314389,2,89
1555200,25.79999924,-339.25,61,308,1,41.39622083,-71.56314389,2,96
1556200,25.79999924,-341.5,61,307.75,1,41.39622083,-71.56314389,2,102
1557200,25.79999924,-338.25,60,307.5,1,41.39622083,-71.56314389,2,108
1558200,25.79999924,-340.25,60,307.5,1,41.39622083,-71.56314389,2,113
1559200,25.79999924,-340.25,60,323.75,1,41.39622083,-71.56314389,2,118
1560200,25.79999924,-340.25,60,324.5,1,41.39622083,-71.56314389,2,119
1561200,25.79999924,-5.75,60,324.5,1,41.39622083,-71.56314389,2,119
1562200,25.79999924,-2,60,324.5,1,41.39622083,-71.56314389,2,118
1563200,25.79999924,-7,60,325,1,41.39622083,-71.56314389,2,116
1564200,25.79999924,-6,60,324.75,1,41.39622083,-71.56314389,2,115
1565200,27.60000038,-2,60,324.75,1,41.39646167,-71.55910167,2,114
1566200,27.60000038,-1,60,324.5,1,41.39646167,-71.55910167,2,113
1567200,27.60000038,-1,60,325.25,1,41.39646167,-71.55910167,2,113
1568200,27.60000038,-7.5,60,325.25,1,41.39646167,-71.55910167,2,112
1569200,27.60000038,-1.75,60,325.25,1,41.39646167,-71.55910167,2,110
1570200,27.60000038,-1.75,60,325.75,1,41.39646167,-71.55910167,2,109
1571200,27.60000038,-4,60,326,1,41.39646167,-71.55910167,2,108
1572200,27.60000038,-1.75,60,326,1,41.39646167,-71.55910167,2,107
1573200,27.60000038,-1.75,60,325.75,1,41.39646167,-71.55910167,2,106
1574200,27.60000038,-8.5,60,325.75,1,41.39646167,-71.55910167,2,105
1575200,25.5,0,60,326,1,41.39695472,-71.55556778,2,104
1576200,25.5,-3.25,60,326,1,41.39695472,-71.55556778,2,103
1577200,25.5,-3.25,60,326,1,41.39695472,-71.55556778,2,103
1578200,25.5,-5.75,60,326,1,41.39695472,-71.55556778,2,102
1579200,25.5,-5.75,60,326.25,1,41.39695472,-71.55556778,2,101
1580200,25.5,-3.25,60,309.75,1,41.39695472,-71.55556778,2,100
1581200,25.5,-336.5,60,325,1,41.39695472,-71.55556778,2,103
1582200,25.5,-336.5,60,325.75,1,41.39695472,-71.55556778,2,108
1583200,25.5,-5.75,60,325.75,1,41.39695472,-71.55556778,2,107
1584200,25.5,-9.25,60,325.75,1,41.39695472,-71.55556778,2,107
1585200,21.10000038,-9.25,60,326,1,41.39731611,-71.55217361,2,106
1586200,21.10000038,-6.75,60,326,1,41.39731611,-71.55217361,2,105
1587200,21.10000038,-6.75,60,326.25,1,41.39731611,-71.55217361,2,104
1588200,21.10000038,-1,60,326.25,1,41.39731611,-71.55217361,2,103
1589200,21.10000038,-1,60,325.25,1,41.39731611,-71.55217361,2,102
1590200,21.10000038,-43.25,60,325,1,41.39731611,-71.55217361,2,101
1591200,21.10000038,-43.25,60,325.75,1,41.39731611,-71.55217361,2,101
1592200,21.10000038,-17,60,325.75,1,41.39731611,-71.55217361,2,100
1593200,21.10000038,-17,60,325.5,1,41.39731611,-71.55217361,2,100
1594200,21.10000038,-32,60,321.25,1,41.39731611,-71.55217361,2,99
1595200,17.70000076,-113.25,60,321.75,1,41.39737111,-71.54882306,2,100
1596200,17.70000076,-99,60,323.75,1,41.39737111,-71.54882306,2,101
1597200,17.70000076,-15.5,59.5,326,1,41.39737111,-71.54882306,2,103
1598200,17.70000076,0,59.5,332.75,1,41.39737111,-71.54882306,2,102
1599200,17.70000076,123.75,59.5,332.75,1,41.39737111,-71.54882306,2,97
1600200,17.70000076,123.75,59.5,333.25,1,41.39737111,-71.54882306,2,91
1601200,17.70000076,124,59.5,333.75,1,41.39737111,-71.54882306,2,85
1602200,17.70000076,127,59.5,331,1,41.39737111,-71.54882306,2,79
1603200,17.70000076,65,59.5,334,1,41.39737111,-71.54882306,2,75
1604200,17.70000076,128,59.5,327.5,1,41.39737111,-71.54882306,2,70
1605200,18.70000076,128,59.5,327.5,1,41.39772056,-71.54594,2,68
1606200,18.70000076,-3.25,59.5,327.5,1,41.39772056,-71.54594,2,67
1607200,18.70000076,-1.5,59.5,327.5,1,41.39772056,-71.54594,2,67
1608200,18.70000076,-3,59.5,327.5,1,41.39772056,-71.54594,2,67
1609200,18.70000076,-3,59.5,327.5,1,41.39772056,-71.54594,2,66
1610200,18.70000076,-2.75,59.5,327.5,1,41.39772056,-71.54594,2,66
1611200,18.70000076,-2.75,59.5,327.5,1,41.39772056,-71.54594,2,65
1612200,18.70000076,-3.5,59.5,327.5,1,41.39772056,-71.54594,2,64
1613200,18.70000076,-3.5,59.5,327.5,1,41.39772056,-71.54594,2,64
1614200,18.70000076,-3,59.5,327.5,1,41.39772056,-71.54594,2,63
1615200,18.20000076,-4,59.5,327.25,1,41.39835444,-71.54394917,2,63
1616200,18.20000076,-36,59.5,325.75,1,41.39835444,-71.54394917,2,63
1617200,18.20000076,-36,59.5,326.25,1,41.39835444,-71.54394917,2,63
1618200,18.20000076,-22.75,59.5,326.25,1,41.39835444,-71.54394917,2,64
1619200,18.20000076,-22.75,59.5,326.25,1,41.39835444,-71.54394917,2,64
1620200,18.20000076,-1.75,59.5,327.5,1,41.39835444,-71.54394917,2,64
1621200,18.20000076,-1.75,59.5,327.5,1,41.39835444,-71.54394917,2,64
1622200,18.20000076,-4,59.5,327.25,1,41.39835444,-71.54394917,2,64
1623200,18.20000076,-9,59.5,325.25,1,41.39835444,-71.54394917,2,65
1624200,18.20000076,-49.5,59.5,324,1,41.39835444,-71.54394917,2,66
1625200,14.60000038,-77.75,59.5,323.75,1,41.39919111,-71.54217,2,68
1626200,14.60000038,-3.5,59.5,327.25,1,41.39919111,-71.54217,2,69
1627200,14.60000038,-3.5,59.5,327.5,1,41.39919111,-71.54217,2,69
1628200,14.60000038,-2.5,59.5,327.5,1,41.39919111,-71.54217,3,68
1629200,14.60000038,-2.5,59.5,327.5,1,41.39919111,-71.54217,3,68
1630200,14.60000038,-2.5,59.5,327.5,1,41.39919111,-71.54217,3,67
1631200,14.60000038,-4,59.5,327.5,1,41.39919111,-71.54217,3,67
1632200,14.60000038,-3.5,59.5,327.25,1,41.39919111,-71.54217,3,66
1633200,14.60000038,-38.75,59.5,325.75,1,41.39919111,-71.54217,3,66
1634200,14.60000038,-38.75,59.5,327.5,1,41.39919111,-71.54217,3,64
1635200,15,-2.25,59.5,326.5,1,41.40001611,-71.54023361,3,63
1636200,15,-23.25,59.5,325.75,1,41.40001611,-71.54023361,3,62
1637200,15,-34.25,59.5,325.75,1,41.40001611,-71.54023361,3,61
1638200,15,-32.5,59.5,325.75,1,41.40001611,-71.54023361,3,60
1639200,15,-36.75,59.5,325.75,1,41.40001611,-71.54023361,3,60
1640200,15,-36.75,59.5,325.75,1,41.40001611,-71.54023361,3,58
1641200,15,-15.5,59.5,327,1,41.40001611,-71.54023361,3,58
1642200,15,-37.5,59.5,325.75,1,41.40001611,-71.54023361,3,58
1643200,15,-39.5,59.5,327,1,41.40001611,-71.54023361,3,57
1644200,15,-10.25,59.5,327,1,41.40001611,-71.54023361,3,57
1645200,18.79999924,-18,59.5,327,1,41.40059472,-71.53842167,3,56
1646200,18.79999924,-18,59.5,326.75,1,41.40059472,-71.53842167,3,55
1647200,18.79999924,-18,59.5,326.75,1,41.40059472,-71.53842167,3,55
1648200,18.79999924,-35.75,59.5,325.75,1,41.40059472,-71.53842167,3,56
1649200,18.79999924,-37.5,59.5,326.75,1,41.40059472,-71.53842167,3,56
1650200,18.79999924,-15,59.5,324.75,1,41.40059472,-71.53842167,3,58
1651200,18.79999924,-77,59.5,324.75,1,41.40059472,-71.53842167,3,58
1652200,18.79999924,-77,59.5,315.5,1,41.40059472,-71.53842167,3,64
1653200,18.79999924,-202,59.5,327.25,1,41.40059472,-71.53842167,3,64
1654200,18.79999924,-2.75,59.5,327,1,41.40059472,-71.53842167,3,63
1655200,19.70000076,-3,59.5,327,1,41.40116667,-71.53662583,3,63
1656200,19.70000076,-42.25,59.5,327,1,41.40116667,-71.53662583,3,63
1657200,19.70000076,-42.25,59.5,322.75,1,41.40116667,-71.53662583,3,62
1658200,19.70000076,-129.75,59.5,322.75,1,41.40116667,-71.53662583,3,64
1659200,19.70000076,-129.75,59.5,324.5,1,41.40116667,-71.53662583,3,67
1660200,19.70000076,-11.25,59.5,326.75,1,41.40116667,-71.53662583,3,70
1661200,19.70000076,-10,59.5,326.75,1,41.40116667,-71.53662583,3,69
1662200,19.70000076,-10,59.5,319.25,1,41.40116667,-71.53662583,3,68
1663200,19.70000076,-9.5,59.5,323.5,1,41.40116667,-71.53662583,3,70
1664200,19.70000076,-9.5,59.5,323.5,1,41.40116667,-71.53662583,3,73
1665200,21.39999962,-4,59.5,326.75,1,41.40214,-71.53480694,3,72
1666200,21.39999962,-2,59.5,326.75,1,41.40214,-71.53480694,3,70
1667200,21.39999962,-5.5,59.5,327,1,41.40214,-71.53480694,3,69
1668200,21.39999962,-2.5,59.5,318.25,1,41.40214,-71.53480694,3,68
1669200,21.39999962,-6,59.5,326.5,1,41.40214,-71.53480694,3,69
1670200,21.39999962,10.5,59.5,327,1,41.40214,-71.53480694,3,71
1671200,21.39999962,10.5,59.5,333.25,1,41.40214,-71.53480694,3,69
1672200,21.39999962,113.5,59.5,328,1,41.40214,-71.53480694,3,64
1673200,21.39999962,10.75,59.5,327.5,1,41.40214,-71.53480694,3,61
1674200,21.39999962,4.75,59.5,328,1,41.40214,-71.53480694,3,59
1675200,21.39999962,4.75,59.5,328,1,41.40214,-71.53480694,3,57
1676200,22.39999962,7.75,59.5,327.25,1,41.40367694,-71.5336075,3,55
1677200,22.39999962,-3.5,59.5,327.25,1,41.40367694,-71.5336075,3,55
1678200,22.39999962,-10.25,59.5,327,1,41.40367694,-71.5336075,3,54
1679200,22.39999962,-10.25,59.5,325,1,41.40367694,-71.5336075,3,54
1680200,22.39999962,-52,59.5,325.75,1,41.40367694,-71.5336075,3,53
1681200,22.39999962,-42.25,59.5,317.5,1,41.40367694,-71.5336075,3,54
1682200,22.39999962,-4.5,59.5,326.75,1,41.40367694,-71.5336075,3,58
1683200,22.39999962,-3.75,59.5,327,1,41.40367694,-71.5336075,3,61
1684200,22.39999962,-3.75,59.5,327,1,41.40367694,-71.5336075,3,60
1685200,22.39999962,-2.75,59.5,325.75,1,41.40367694,-71.5336075,3,59
1686200,22.39999962,-189.5,59.5,318,1,41.40505528,-71.53312639,3,59
1687200,22.39999962,-189.5,59,315,1,41.40505528,-71.53312639,3,63
1688200,22.39999962,-235.25,59,314.5,1,41.40505528,-71.53312639,3,69
1689200,22.39999962,-238,59,314.25,1,41.40505528,-71.53312639,3,76
1690200,22.39999962,-315.5,59,310,1,41.40505528,-71.53312639,3,81
1691200,22.39999962,-315.5,59,308.5,1,41.40505528,-71.53312639,3,87
1692200,22.39999962,-118.5,59,319,1,41.40505528,-71.53312639,3,94
1693200,22.39999962,-113.5,59,319.25,1,41.40505528,-71.53312639,3,97
1694200,22.39999962,-113.5,59,321.25,1,41.40505528,-71.53312639,3,98
1695200,22.39999962,-77,59,325.25,1,41.40505528,-71.53312639,3,99
1696200,24,-2.75,59,325.25,1,41.40712194,-71.53243694,3,97
1697200,24,-34.5,58.5,325.25,1,41.40712194,-71.53243694,3,96
1698200,24,-34.5,58.5,322.75,1,41.40712194,-71.53243694,3,95
1699200,24,-54.5,58.5,324.5,1,41.40712194,-71.53243694,3,94
1700200,24,-54.5,58.5,322.25,1,41.40712194,-71.53243694,3,93
1701200,24,-29,58.5,322.5,1,41.40712194,-71.53243694,3,93
1702200,24,-66,58.5,322.5,1,41.40712194,-71.53243694,3,93
1703200,24,-48,58.5,323.5,1,41.40712194,-71.53243694,3,93
1704200,24,-48,58.5,323.5,1,41.40712194,-71.53243694,3,93
1705200,24,-47,58.5,323.5,1,41.40712194,-71.53243694,3,94
1706200,24.29999924,-47,58.5,324.25,1,41.40938889,-71.5316725,3,94
1707200,24.29999924,-31.25,58.5,324,1,41.40938889,-71.5316725,3,94
1708200,24.29999924,-30.25,58.5,324.25,1,41.40938889,-71.5316725,3,94
1709200,24.29999924,-25.5,58.5,324.5,1,41.40938889,-71.5316725,3,94
1710200,24.29999924,-25.5,58.5,324.5,1,41.40938889,-71.5316725,3,93
1711200,24.29999924,-21.5,58.5,324.75,1,41.40938889,-71.5316725,3,93
1712200,24.29999924,-21.5,58.5,324.75,1,41.40938889,-71.5316725,3,91
1713200,24.29999924,-22.5,58.5,325,1,41.40938889,-71.5316725,3,90
1714200,24.29999924,-23.75,58.5,325,1,41.40938889,-71.5316725,3,90
1715200,24.29999924,-20,58.5,324.75,1,41.40938889,-71.5316725,3,89
1716200,24.20000076,-20,58.5,324.75,1,41.41161083,-71.53093333,3,88
1717200,24.20000076,-56,58.5,323.25,1,41.41161083,-71.53093333,3,87
1718200,24.20000076,-56,58.5,324.5,1,41.41161083,-71.53093333,3,87
1719200,24.20000076,-30.75,58.5,323.5,1,41.41161083,-71.53093333,3,86
1720200,24.20000076,-48.5,58.5,324.5,1,41.41161083,-71.53093333,3,86
1721200,24.20000076,-30.5,58.5,324.5,1,41.41161083,-71.53093333,3,85
1722200,24.20000076,-28.5,58.5,324.5,1,41.41161083,-71.53093333,3,85
1723200,24.20000076,-28.5,58.5,324.5,1,41.41161083,-71.53093333,3,85
1724200,24.20000076,-28.5,58.5,325.25,1,41.41161083,-71.53093333,3,83
1725200,24.20000076,-7.25,58.5,325,1,41.41161083,-71.53093333,3,82
1726200,26.39999962,-18.5,58.5,325,1,41.41366194,-71.5301775,3,82
1727200,26.39999962,-19.25,58.5,324.25,1,41.41366194,-71.5301775,3,81
1728200,26.39999962,-40.25,58.5,322.5,1,41.41366194,-71.5301775,3,81
1729200,26.39999962,-71.5,58.5,322,1,41.41366194,-71.5301775,3,82
1730200,26.39999962,-75.75,58.5,322,1,41.41366194,-71.5301775,3,82
1731200,26.39999962,-78.25,58.5,322,1,41.41366194,-71.5301775,3,82
1732200,26.39999962,-155,58.5,322,1,41.41366194,-71.5301775,3,83
1733200,26.39999962,-155,58.5,318,1,41.41366194,-71.5301775,3,85
1734200,26.39999962,-67.5,58.5,321.75,1,41.41366194,-71.5301775,3,86
1735200,26.39999962,-67.5,58.5,321.25,1,41.41366194,-71.5301775,3,85
1736200,32.70000076,-107.5,58.5,321.25,1,41.41556389,-71.52910278,3,86
1737200,32.70000076,-107.5,58.5,319.75,1,41.41556389,-71.52910278,3,86
1738200,32.70000076,-106.75,58,319.75,1,41.41556389,-71.52910278,3,87
1739200,32.70000076,-112.25,58,319.75,1,41.41556389,-71.52910278,3,87
1740200,32.70000076,-62.75,58,322,1,41.41556389,-71.52910278,3,87
1741200,32.70000076,-69.75,58,321.75,1,41.41556389,-71.52910278,3,87
1742200,32.70000076,-86.25,58,321,1,41.41556389,-71.52910278,3,87
1743200,32.70000076,-87.25,58,321,1,41.41556389,-71.52910278,3,88
1744200,32.70000076,-86.25,58,320.75,1,41.41556389,-71.52910278,3,89
1745200,32.70000076,-86.25,58,321.75,1,41.41556389,-71.52910278,3,89
1746200,37.90000153,-61.5,58,322.75,1,41.41752361,-71.52786806,3,89
1747200,37.90000153,-49.25,58,322.75,1,41.41752361,-71.52786806,3,89
1748200,37.90000153,-48.5,58,323,1,41.41752361,-71.52786806,3,89
1749200,37.90000153,-44.25,58,323,1,41.41752361,-71.52786806,3,89
1750200,37.90000153,-48,58,322.75,1,41.41752361,-71.52786806,3,90
1751200,37.90000153,-49.75,58,322.75,1,41.41752361,-71.52786806,3,90
1752200,37.90000153,-45.75,58,323,1,41.41752361,-71.52786806,3,90
1753200,37.90000153,-41.25,58,323.25,1,41.41752361,-71.52786806,3,90
1754200,37.90000153,-51.5,58,323,1,41.41752361,-71.52786806,3,90
1755200,37.90000153,-88.25,58,320.75,1,41.41752361,-71.52786806,3,91
1756200,37.29999924,-63.5,58,321.75,1,41.41956556,-71.52664333,3,92
1757200,37.29999924,-63.5,58,322,1,41.41956556,-71.52664333,3,92
1758200,37.29999924,-57.75,58,322,1,41.41956556,-71.52664333,3,93
1759200,37.29999924,-60.5,58,322.5,1,41.41956556,-71.52664333,3,93
1760200,37.29999924,-62.5,58,322,1,41.41956556,-71.52664333,3,94
1761200,37.29999924,-62.5,58,322,1,41.41956556,-71.52664333,3,95
1762200,37.29999924,-42,58,323,1,41.41956556,-71.52664333,3,95
1763200,37.29999924,-42,58,323,1,41.41956556,-71.52664333,3,95
1764200,37.29999924,-42.75,58,323,1,41.41956556,-71.52664333,3,95
1765200,37.29999924,-43.75,58,323,1,41.41956556,-71.52664333,3,95
1766200,35.5,-37,58,323,1,41.42175417,-71.52552806,3,95
1767200,35.5,-54,58,323,1,41.42175417,-71.52552806,3,94
1768200,35.5,-54,57.5,322.5,1,41.42175417,-71.52552806,3,95
1769200,35.5,-12.25,57.5,323,1,41.42175417,-71.52552806,3,95
1770200,35.5,-12.25,57.5,325,1,41.42175417,-71.52552806,3,94
1771200,35.5,-12.25,57.5,325.25,1,41.42175417,-71.52552806,3,94
1772200,35.5,-3.5,57.5,325.25,1,41.42175417,-71.52552806,3,94
1773200,35.5,0,57.5,325.25,1,41.42175417,-71.52552806,3,94
1774200,35.5,0,57.5,325.25,1,41.42175417,-71.52552806,3,93
1775200,35.5,-2,57.5,325.5,1,41.42175417,-71.52552806,3,92
1776200,31.20000076,-5.75,57.5,325.5,1,41.42392667,-71.52441722,3,92
1777200,31.20000076,-0.5,57.5,325.75,1,41.42392667,-71.52441722,3,92
1778200,31.20000076,-5.25,57.5,325.5,1,41.42392667,-71.52441722,3,91
1779200,31.20000076,-10.5,57.5,325.25,1,41.42392667,-71.52441722,3,90
1780200,31.20000076,-43.75,57.5,323.75,1,41.42392667,-71.52441722,3,90
1781200,31.20000076,-74.75,57.5,322,1,41.42392667,-71.52441722,3,91
1782200,31.20000076,-74.75,57.5,322.25,1,41.42392667,-71.52441722,3,92
1783200,31.20000076,-74.75,57.5,322,1,41.42392667,-71.52441722,3,93
1784200,31.20000076,-74.75,57.5,320.5,1,41.42392667,-71.52441722,3,94
1785200,31.20000076,-82.75,57.5,320.5,1,41.42392667,-71.52441722,3,95
1786200,25.70000076,-82.75,57.5,322,1,41.42591861,-71.52295167,3,97
1787200,25.70000076,-60.5,57.5,321.75,1,41.42591861,-71.52295167,3,98
1788200,25.70000076,-61,57.5,322,1,41.42591861,-71.52295167,3,99
1789200,25.70000076,-260.25,57.5,322,1,41.42591861,-71.52295167,3,99
1790200,25.70000076,-4,57.5,324.75,1,41.42591861,-71.52295167,3,102
1791200,25.70000076,-47.75,57.5,323.75,1,41.42591861,-71.52295167,3,104
1792200,25.70000076,-94,57.5,320,1,41.42591861,-71.52295167,3,104
1793200,25.70000076,-94,57.5,323,1,41.42591861,-71.52295167,3,105
1794200,25.70000076,-94,57.5,324.75,1,41.42591861,-71.52295167,3,105
1795200,25.70000076,-7.75,57.5,325,1,41.42591861,-71.52295167,3,105
1796200,22.79999924,-7.75,57.5,325,1,41.42716639,-71.52004444,3,105
1797200,22.79999924,-8.75,57.5,325,1,41.42716639,-71.52004444,3,104
1798200,22.79999924,-28.75,57.5,323.75,1,41.42716639,-71.52004444,3,103
1799200,22.79999924,-8.5,57.5,325,1,41.42716639,-71.52004444,3,103
1800200,22.79999924,-38.5,57.5,324,1,41.42716639,-71.52004444,3,103
1801200,22.79999924,-38.5,57.5,323.5,1,41.42716639,-71.52004444,3,102
1802200,22.79999924,-3,57.5,325.25,1,41.42716639,-71.52004444,3,102
1803200,22.79999924,-3,57.5,324,1,41.42716639,-71.52004444,3,101
1804200,22.79999924,-44,57.5,324,1,41.42716639,-71.52004444,3,100
1805200,22.79999924,-44,57.5,324.75,1,41.42716639,-71.52004444,3,100
1806200,22.5,-16.75,57.5,324.75,1,41.42723667,-71.51668778,3,100
1807200,22.5,-40.25,57.5,324.5,1,41.42723667,-71.51668778,3,100
1808200,22.5,-1,57,325.25,1,41.42723667,-71.51668778,2,100
1809200,22.5,-1,57,325.25,1,41.42723667,-71.51668778,2,99
1810200,22.5,-5,57,325.5,1,41.42723667,-71.51668778,2,99
1811200,22.5,-2,57,325.75,1,41.42723667,-71.51668778,2,98
1812200,22.5,-2,57,325.5,1,41.42723667,-71.51668778,2,98
1813200,22.5,-6.75,57,325.5,1,41.42723667,-71.51668778,2,97
1814200,22.5,-6.75,57,325.75,1,41.42723667,-71.51668778,2,97
1815200,22.5,1.25,57,325.75,1,41.42723667,-71.51668778,2,96
1816200,22.5,-1.5,57,325.5,1,41.42723667,-71.51668778,2,95
1817200,18.79999924,-1.5,57,325.75,1,41.42713028,-71.51312722,2,95
1818200,18.79999924,-4.75,57,325.75,1,41.42713028,-71.51312722,2,94
1819200,18.79999924,-5.25,57,325.75,1,41.42713028,-71.51312722,2,94
1820200,18.79999924,0,57,325.75,1,41.42713028,-71.51312722,2,94
1821200,18.79999924,0,57,325.25,1,41.42713028,-71.51312722,2,93
1822200,18.79999924,-8.25,57,325.5,1,41.42713028,-71.51312722,2,93
1823200,18.79999924,-8.25,57,323,1,41.42713028,-71.51312722,2,93
1824200,18.79999924,-54.75,57,323,1,41.42713028,-71.51312722,2,93
1825200,18.79999924,-125,57,320,1,41.42713028,-71.51312722,2,93
1826200,18.79999924,-125,57,324,1,41.42713028,-71.51312722,2,95
1827200,16.29999924,-26,57,322.5,1,41.42705111,-71.51002111,2,96
1828200,16.29999924,-64.25,57,325,1,41.42705111,-71.51002111,2,96
1829200,16.29999924,-13.5,57,325,1,41.42705111,-71.51002111,2,96
1830200,16.29999924,-68.75,57,322.25,1,41.42705111,-71.51002111,2,97
1831200,16.29999924,-66.25,57,322.25,1,41.42705111,-71.51002111,2,98
1832200,16.29999924,-66.25,57,324.25,1,41.42705111,-71.51002111,2,99
1833200,16.29999924,-47,57,323.5,1,41.42705111,-71.51002111,2,99
1834200,16.29999924,-47,57,324.25,1,41.42705111,-71.51002111,2,98
1835200,16.29999924,-47.5,57,323.5,1,41.42705111,-71.51002111,2,98
1836200,16.29999924,-47.5,57,323,1,41.42705111,-71.51002111,2,98
1837200,15.60000038,-38.75,57,323,1,41.42697222,-71.50678611,2,98
1838200,15.60000038,-68.5,57,322.75,1,41.42697222,-71.50678611,2,98
1839200,15.60000038,-46.5,57,320,1,41.42697222,-71.50678611,2,98
1840200,15.60000038,-27,57,323.25,1,41.42697222,-71.50678611,2,97
1841200,15.60000038,-27,57,324,1,41.42697222,-71.50678611,2,97
1842200,15.60000038,-40,57,323.75,1,41.42697222,-71.50678611,2,97
1843200,15.60000038,-40.25,57,323.75,1,41.42697222,-71.50678611,2,97
1844200,15.60000038,-56.25,57,323.25,1,41.42697222,-71.50678611,2,97
1845200,15.60000038,-52,57,323,1,41.42697222,-71.50678611,2,97
1846200,15.60000038,-69.5,57,322.75,1,41.42697222,-71.50678611,2,96
1847200,12.69999981,-53.5,57,322,1,41.4271825,-71.5036125,2,96
1848200,12.69999981,-83,57,322,1,41.4271825,-71.5036125,2,97
1849200,12.69999981,-21,57,324,1,41.4271825,-71.5036125,2,96
1850200,12.69999981,-17.75,57,317.75,1,41.4271825,-71.5036125,2,95
1851200,12.69999981,-46,57,317.75,1,41.4271825,-71.5036125,2,96
1852200,12.69999981,-1.75,57,325.25,1,41.4271825,-71.5036125,2,94
1853200,12.69999981,-2.75,57,325.25,1,41.4271825,-71.5036125,2,93
1854200,12.69999981,-6,57,325.25,1,41.4271825,-71.5036125,2,92
1855200,12.69999981,-16.25,57,324,1,41.4271825,-71.5036125,2,92
1856200,12.69999981,-41,57,324,1,41.4271825,-71.5036125,2,92
1857200,14.30000019,-39,57,325.5,1,41.4279175,-71.50065694,2,92
1858200,14.30000019,-1,57,325.5,1,41.4279175,-71.50065694,2,91
1859200,14.30000019,-4.5,57,325.25,1,41.4279175,-71.50065694,2,90
1860200,14.30000019,-157.25,57,325.25,1,41.4279175,-71.50065694,2,92
1861200,14.30000019,-3.25,57,325.25,1,41.4279175,-71.50065694,2,91
1862200,14.30000019,-3.25,57,325.25,1,41.4279175,-71.50065694,2,90
1863200,14.30000019,-21.5,57,322.5,1,41.4279175,-71.50065694,2,90
1864200,14.30000019,-21.5,57,322.25,1,41.4279175,-71.50065694,2,90
1865200,14.30000019,-68.5,57,325,1,41.4279175,-71.50065694,2,91
1866200,14.30000019,-15,57,325,1,41.4279175,-71.50065694,2,91
1867200,11.30000019,-15,57,318.5,1,41.42871,-71.49784528,2,92
1868200,11.30000019,-165,56.5,318.5,1,41.42871,-71.49784528,2,92
1869200,11.30000019,-165,56.5,322.5,1,41.42871,-71.49784528,2,96
1870200,11.30000019,-77.5,56.5,322.5,1,41.42871,-71.49784528,2,97
1871200,11.30000019,-73.5,56.5,322.25,1,41.42871,-71.49784528,2,97
1872200,11.30000019,-51.5,56.5,323.25,1,41.42871,-71.49784528,2,97
1873200,11.30000019,-74.5,56.5,320.5,1,41.42871,-71.49784528,2,97
1874200,11.30000019,-33.5,56.5,323,1,41.42871,-71.49784528,2,97
1875200,11.30000019,-25.75,56.5,323.75,1,41.42871,-71.49784528,2,97
1876200,11.30000019,-25.75,56.5,324.75,1,41.42871,-71.49784528,2,96
1877200,12.19999981,-3.25,56.5,325,1,41.42939083,-71.49479861,2,95
1878200,12.19999981,-52.25,56.5,325,1,41.42939083,-71.49479861,2,93
1879200,12.19999981,-26.5,56.5,323.5,1,41.42939083,-71.49479861,2,92
1880200,12.19999981,-45.25,56.5,323.25,1,41.42939083,-71.49479861,2,92
1881200,12.19999981,-60.75,56.5,321.75,1,41.42939083,-71.49479861,2,92
1882200,12.19999981,-30.25,56.5,321.75,1,41.42939083,-71.49479861,2,92
1883200,12.19999981,-37,56.5,323.25,1,41.42939083,-71.49479861,2,92
1884200,12.19999981,-44.25,56.5,322.75,1,41.42939083,-71.49479861,2,92
1885200,12.19999981,-24,56.5,323.75,1,41.42939083,-71.49479861,2,93
1886200,12.19999981,-111.25,56.5,320.25,1,41.42939083,-71.49479861,2,92
1887200,11.89999962,-111.25,56.5,319.25,1,41.42980417,-71.4917925,2,93
1888200,11.89999962,-115.5,56.5,319.25,1,41.42980417,-71.4917925,2,95
1889200,11.89999962,-101,56.5,319.25,1,41.42980417,-71.4917925,2,95
1890200,11.89999962,-120.25,56.5,318.5,1,41.42980417,-71.4917925,2,97
1891200,11.89999962,-140,56.5,317.75,1,41.42980417,-71.4917925,2,99
1892200,11.89999962,-135,56.5,316.25,1,41.42980417,-71.4917925,2,101
1893200,11.89999962,-135,56.5,321.75,1,41.42980417,-71.4917925,2,104
1894200,11.89999962,-32.5,56.5,322.75,1,41.42980417,-71.4917925,2,103
1895200,11.89999962,-50.5,56.5,322.25,1,41.42980417,-71.4917925,2,103
1896200,11.89999962,-50.5,56.5,322.75,1,41.42980417,-71.4917925,2,102
1897200,10.5,-21.75,56.5,323.5,1,41.43019417,-71.48852111,2,103
1898200,10.5,-2.25,56,324.5,1,41.43019417,-71.48852111,2,102
1899200,10.5,-2.25,56,324.75,1,41.43019417,-71.48852111,2,100
1900200,10.5,0,56,324.5,1,41.43019417,-71.48852111,2,99
1901200,10.5,-6.5,56,325.25,1,41.43019417,-71.48852111,2,98
1902200,10.5,2,56,324.75,1,41.43019417,-71.48852111,2,96
1903200,10.5,-2.75,56,325,1,41.43019417,-71.48852111,2,95
1904200,10.5,0.5,56,324.75,1,41.43019417,-71.48852111,2,92
1905200,10.5,-2,56,324,1,41.43019417,-71.48852111,2,89
1906200,10.5,-10.25,56,331.5,1,41.43019417,-71.48852111,2,87
1907200,17.5,126.5,56,330.25,1,41.43086417,-71.48555694,2,79
1908200,17.5,112,56,330.25,1,41.43086417,-71.48555694,2,72
1909200,17.5,125,56,332.25,1,41.43086417,-71.48555694,2,62
1910200,17.5,122.75,56,332.25,1,41.43086417,-71.48555694,2,51
1911200,17.5,123.25,56,332.25,1,41.43086417,-71.48555694,2,42
1912200,17.5,123.25,56,328.25,1,41.43086417,-71.48555694,2,31
1913200,17.5,36.75,56,328.25,1,41.43086417,-71.48555694,2,31
1914200,17.5,36.75,56,328.25,1,41.43086417,-71.48555694,2,21
1915200,17.5,13.75,56,326,1,41.43086417,-71.48555694,2,10
1916200,17.5,-8.75,56,326,1,41.43086417,-71.48555694,2,6
1917200,19,-40,56,322.75,1,41.431465,-71.48471611,2,10
1918200,19,-64.75,56,322.75,1,41.431465,-71.48471611,2,16
1919200,19,-92.75,56,319.25,1,41.431465,-71.48471611,2,22
1920200,19,-138.25,56,317,1,41.431465,-71.48471611,2,30
1921200,19,-180.5,56,315.25,1,41.431465,-71.48471611,2,39
1922200,19,-208,56,313.75,1,41.431465,-71.48471611,2,48
1923200,19,-229.25,56,313.75,1,41.431465,-71.48471611,2,57
1924200,19,-223,56,313.5,1,41.431465,-71.48471611,2,65
1925200,19,-175,56,316,1,41.431465,-71.48471611,2,71
1926200,19,-57,56,322.25,1,41.431465,-71.48471611,2,75
1927200,16.20000076,-36.5,56,322.25,1,41.43173917,-71.48627444,2,77
1928200,16.20000076,-36.5,56,324.75,1,41.43173917,-71.48627444,2,78
1929200,16.20000076,0,56,324.75,1,41.43173917,-71.48627444,2,78
1930200,16.20000076,-3.25,56,324.75,1,41.43173917,-71.48627444,2,78
1931200,16.20000076,-3.25,56,324.75,1,41.43173917,-71.48627444,2,78
1932200,16.20000076,-2.5,56,324.75,1,41.43173917,-71.48627444,2,77
1933200,16.20000076,-2.5,56,324.75,1,41.43173917,-71.48627444,2,76
1934200,16.20000076,-2.5,56,324.75,1,41.43173917,-71.48627444,2,75
1935200,16.20000076,-1.25,56,325,1,41.43173917,-71.48627444,2,75
1936200,16.20000076,-1.25,56,325,1,41.43173917,-71.48627444,2,74
1937200,16.20000076,-1.25,56,331.5,1,41.43173917,-71.48627444,2,67
1938200,14.30000019,127.5,56,331.5,1,41.43173917,-71.48901361,2,67
1939200,14.30000019,126.5,56,331.75,1,41.43173917,-71.48901361,2,59
1940200,14.30000019,44.75,56,327.25,1,41.43173917,-71.48901361,2,52
1941200,14.30000019,121.75,56,331.75,1,41.43173917,-71.48901361,2,39
1942200,14.30000019,95,56,331.5,1,41.43173917,-71.48901361,2,27
1943200,14.30000019,-7.75,56,326,1,41.43173917,-71.48901361,2,22
1944200,14.30000019,-97.25,56,321.25,1,41.43173917,-71.48901361,2,27
1945200,14.30000019,-165,56,317.75,1,41.43173917,-71.48901361,2,37
1946200,14.30000019,-196,56,315.75,1,41.43173917,-71.48901361,2,46
1947200,10.5,-211.75,56,314.75,1,41.43183639,-71.49015861,2,55
1948200,10.5,-8.5,56,324.5,1,41.43183639,-71.49015861,2,56
1949200,10.5,-254.75,56,316,1,41.43183639,-71.49015861,2,59
1950200,10.5,-4.5,56,324.75,1,41.43183639,-71.49015861,2,62
1951200,10.5,106.5,56,329.25,1,41.43183639,-71.49015861,2,59
1952200,10.5,129,56,331.75,1,41.43183639,-71.49015861,2,49
1953200,10.5,82,56,329.75,1,41.43183639,-71.49015861,2,41
1954200,10.5,90.25,56,329.5,1,41.43183639,-71.49015861,2,35
1955200,10.5,89.5,56,331.25,1,41.43183639,-71.49015861,2,24
1956200,10.5,41.75,56,328,1,41.43183639,-71.49015861,2,16
1957200,10.5,41.75,56,326.25,1,41.43183639,-71.49015861,2,7
1958200,5.199999809,-3.5,56,325.75,1,41.43235611,-71.49142667,2,6
1959200,5.199999809,-4,56,325.75,1,41.43235611,-71.49142667,2,5
1960200,5.199999809,-4.25,56,325.75,1,41.43235611,-71.49142667,2,1
1961200,5.199999809,-4.25,56,325.75,1,41.43235611,-71.49142667,2,1
1962200,5.199999809,-26,56,320.75,1,41.43235611,-71.49142667,2,2
1963200,5.199999809,-121.75,56,315,1,41.43235611,-71.49142667,2,16
1964200,5.199999809,-235,56,315,1,41.43235611,-71.49142667,2,31
1965200,5.199999809,-344.25,56,307.25,1,41.43235611,-71.49142667,2,48
1966200,5.199999809,-4.5,56,324.5,1,41.43235611,-71.49142667,2,58
1967200,5.199999809,-4.5,56,324.5,1,41.43235611,-71.49142667,2,57
1968200,6,-4.5,55.5,324.5,1,41.4327325,-71.49221444,2,55
1969200,6,-15.75,55.5,324.5,1,41.4327325,-71.49221444,2,53
1970200,6,-60,55.5,323,1,41.4327325,-71.49221444,2,51
1971200,6,-72.25,55.5,321,1,41.4327325,-71.49221444,2,51
1972200,6,-79.75,55.5,321,1,41.4327325,-71.49221444,2,52
1973200,6,-79.75,55.5,321.25,1,41.4327325,-71.49221444,2,54
1974200,6,-4.5,55.5,324.5,1,41.4327325,-71.49221444,2,56
1975200,6,-4.5,55.5,324.5,1,41.4327325,-71.49221444,2,56
1976200,6,-17.5,55.5,324,1,41.4327325,-71.49221444,2,55
1977200,6,-50.25,55.5,322.5,1,41.4327325,-71.49221444,2,55
1978200,5.400000095,-36.25,55.5,323,1,41.4337825,-71.49328583,2,55
1979200,5.400000095,-24.5,55.5,324.25,1,41.4337825,-71.49328583,2,55
1980200,5.400000095,-2.75,55.5,325,1,41.4337825,-71.49328583,2,55
1981200,5.400000095,-2.5,55.5,324.75,1,41.4337825,-71.49328583,2,54
1982200,5.400000095,-2.5,55.5,325,1,41.4337825,-71.49328583,2,53
1983200,5.400000095,-2.5,55.5,326.25,1,41.4337825,-71.49328583,2,53
1984200,5.400000095,55,55.5,326.25,1,41.4337825,-71.49328583,2,53
1985200,5.400000095,77.75,55.5,329,1,41.4337825,-71.49328583,2,50
1986200,5.400000095,-1,55.5,328,1,41.4337825,-71.49328583,2,43
1987200,5.400000095,-1,55.5,319.25,1,41.4337825,-71.49328583,2,37
1988200,7.599999905,-226.75,55.5,314,1,41.43484944,-71.49405528,2,39
1989200,7.599999905,-226.75,55.5,312.5,1,41.43484944,-71.49405528,2,48
1990200,7.599999905,-283,55.5,310.25,1,41.43484944,-71.49405528,2,57
1991200,7.599999905,-290,55.5,309.75,1,41.43484944,-71.49405528,2,66
1992200,7.599999905,-1.75,55.5,323.5,1,41.43484944,-71.49405528,2,74
1993200,7.599999905,-2.5,55.5,323.75,1,41.43484944,-71.49405528,2,77
1994200,7.599999905,-2.5,55.5,324,1,41.43484944,-71.49405528,2,76
1995200,7.599999905,-4.5,55.5,324,1,41.43484944,-71.49405528,2,75
1996200,7.599999905,-1.5,55.5,324.25,1,41.43484944,-71.49405528,2,74
1997200,7.599999905,-5,55.5,324.25,1,41.43484944,-71.49405528,2,72
1998200,11.19999981,-5,55,324.25,1,41.43650167,-71.49467222,2,71
1999200,11.19999981,-4.5,55,324.5,1,41.43650167,-71.49467222,2,70
2000200,11.19999981,-8.5,55,324.5,1,41.43650167,-71.49467222,2,69
2001200,11.19999981,-5.5,55,324.5,1,41.43650167,-71.49467222,2,67
2002200,11.19999981,21.25,55,324.75,1,41.43650167,-71.49467222,2,66
2003200,11.19999981,83.25,55,328.75,1,41.43650167,-71.49467222,2,65
2004200,11.19999981,109.25,55,330.5,1,41.43650167,-71.49467222,2,61
2005200,11.19999981,86.75,55,330.5,1,41.43650167,-71.49467222,2,55
2006200,11.19999981,86.75,55,330.75,1,41.43650167,-71.49467222,2,48
2007200,11.19999981,109.5,55,330.5,1,41.43650167,-71.49467222,2,41
2008200,14.60000038,109.5,55,330.5,1,41.43797833,-71.49495583,2,41
2009200,14.60000038,42.5,55,327.75,1,41.43797833,-71.49495583,2,32
2010200,14.60000038,1,55,325.75,1,41.43797833,-71.49495583,2,25
2011200,14.60000038,-4.5,55,325.5,1,41.43797833,-71.49495583,2,23
2012200,14.60000038,-4.5,55,325.5,1,41.43797833,-71.49495583,2,19
2013200,14.60000038,-3.75,55,326.25,1,41.43797833,-71.49495583,2,18
2014200,14.60000038,14.75,55,326.25,1,41.43797833,-71.49495583,2,16
2015200,14.60000038,-2.5,55,325.5,1,41.43797833,-71.49495583,2,10
2016200,14.60000038,-4,55,325.5,1,41.43797833,-71.49495583,2,7
2017200,14.60000038,-4,55,325.25,1,41.43797833,-71.49495583,2,4
2018200,17.70000076,-4.75,55,325.25,1,41.43835861,-71.49503944,2,4
2019200,17.70000076,-4.75,55,325.75,1,41.43835861,-71.49503944,2,9
2020200,17.70000076,-1.75,55,325.25,1,41.43835861,-71.49503944,2,6
2021200,17.70000076,-11,55,325.25,1,41.43835861,-71.49503944,2,5
2022200,17.70000076,-78,55,317.25,1,41.43835861,-71.49503944,2,15
2023200,17.70000076,-177.5,55,312.5,1,41.43835861,-71.49503944,2,28
2024200,17.70000076,-270,55,307.25,1,41.43835861,-71.49503944,2,42
2025200,17.70000076,-351.75,55,323.75,1,41.43835861,-71.49503944,2,57
2026200,17.70000076,-9.5,55,325.25,1,41.43835861,-71.49503944,2,61
2027200,17.70000076,19.5,55,327.75,1,41.43835861,-71.49503944,2,59
2028200,16.70000076,35.25,55,327.5,1,41.43912583,-71.49518028,2,55
2029200,16.70000076,35.25,55,325,1,41.43912583,-71.49518028,2,52
2030200,16.70000076,35.25,55,325,1,41.43912583,-71.49518028,2,51
2031200,16.70000076,-4,55,325,1,41.43912583,-71.49518028,2,51
2032200,16.70000076,-3,55,324.75,1,41.43912583,-71.49518028,2,50
2033200,16.70000076,-6,55,326.25,1,41.43912583,-71.49518028,2,49
2034200,16.70000076,31.75,55,328.75,1,41.43912583,-71.49518028,2,47
2035200,16.70000076,71,55,326.5,1,41.43912583,-71.49518028,2,42
2036200,16.70000076,27,55,326.5,1,41.43912583,-71.49518028,2,38
2037200,16.70000076,18.75,55,326.25,1,41.43912583,-71.49518028,2,35
2038200,18.20000076,22.25,55,326.5,1,41.44024194,-71.4953575,2,32
2039200,18.20000076,47.5,55,328,1,41.44024194,-71.4953575,2,28
2040200,18.20000076,40.5,55,327.75,1,41.44024194,-71.4953575,2,21
2041200,18.20000076,19.25,55,326.75,1,41.44024194,-71.4953575,2,17
2042200,18.20000076,19.25,55,326.75,1,41.44024194,-71.4953575,2,10
2043200,18.20000076,-2.75,55,325.5,1,41.44024194,-71.4953575,2,5
2044200,18.20000076,-4.5,55,325.5,1,41.44024194,-71.4953575,2,1
2045200,18.20000076,-4.5,55,325.5,1,41.44024194,-71.4953575,2,1
2046200,18.20000076,-4.5,55,325.5,1,41.44024194,-71.4953575,2,1
2047200,18.20000076,-4.5,55,325.5,1,41.44024194,-71.4953575,2,1
2048200,18.20000076,-4.5,55,325.5,1,41.44024194,-71.4953575,2,1
2049200,18.20000076,-4.5,55,325.5,1,41.44024194,-71.4953575,2,1
2050200,18.20000076,-4.5,55,325.5,1,41.44024194,-71.4953575,2,1
2051200,18.20000076,-4.5,55,325.5,1,41.44024194,-71.4953575,2,1
2052200,18.20000076,-4.5,55,325.5,1,41.44024194,-71.4953575,2,1
2053200,18.20000076,-4.5,55,325.5,1,41.44024194,-71.4953575,2,1
2054200,18.20000076,-4.5,55,325.5,1,41.44024194,-71.4953575,2,1
2055200,18.20000076,-4.5,55,325.5,1,41.44024194,-71.4953575,2,1
2056200,18.20000076,-4.5,55,325.5,1,41.44024194,-71.4953575,2,1
2057200,18.20000076,-4.5,55,325.5,1,41.44024194,-71.4953575,2,1
2058200,20.89999962,-4.75,55,325.25,1,41.44047361,-71.4953825,3,2
2059200,20.89999962,-4.75,55,325.5,1,41.44047361,-71.4953825,3,2
2060200,20.89999962,-5,55,325.5,1,41.44047361,-71.4953825,3,1
2061200,20.89999962,-5,55,325.5,1,41.44047361,-71.4953825,3,1
2062200,20.89999962,-5,55,325.5,1,41.44047361,-71.4953825,3,1
2063200,20.89999962,-9,55,325.25,1,41.44047361,-71.4953825,3,3
2064200,20.89999962,-7.5,55,325.25,1,41.44047361,-71.4953825,3,3
2065200,20.89999962,-15,55,325,1,41.44047361,-71.4953825,3,4
2066200,20.89999962,-33.5,55,324,1,41.44047361,-71.4953825,3,6
2067200,20.89999962,-56.25,55,323,1,41.44047361,-71.4953825,3,10
2068200,21.20000076,-56.25,55,321.75,1,41.44058417,-71.49540528,3,16
2069200,21.20000076,-77,55,324.5,1,41.44058417,-71.49540528,3,22
2070200,21.20000076,-9,55,325.5,1,41.44058417,-71.49540528,3,27
2071200,21.20000076,-4,55,325.25,1,41.44058417,-71.49540528,3,27
2072200,21.20000076,-18.25,55,324.5,1,41.44058417,-71.49540528,3,27
2073200,21.20000076,-4.75,55,325.25,1,41.44058417,-71.49540528,3,27
2074200,21.20000076,-4.75,55,325.25,1,41.44058417,-71.49540528,3,27
2075200,21.20000076,-3.75,55,325.5,1,41.44058417,-71.49540528,3,27
2076200,21.20000076,-3.75,55,325.5,1,41.44058417,-71.49540528,3,27
2077200,21.20000076,-16,55,324.75,1,41.44058417,-71.49540528,3,28
2078200,21.10000038,-16,55,324.5,1,41.441245,-71.49552417,3,28
2079200,21.10000038,-24,55,324.5,1,41.441245,-71.49552417,3,28
2080200,21.10000038,-34.5,55,324,1,41.441245,-71.49552417,3,29
2081200,21.10000038,-37.25,55,323.75,1,41.441245,-71.49552417,3,30
2082200,21.10000038,-39,55,323.5,1,41.441245,-71.49552417,3,32
2083200,21.10000038,-60.75,55,322.5,1,41.441245,-71.49552417,3,33
2084200,21.10000038,-72.75,55,321.75,1,41.441245,-71.49552417,3,36
2085200,21.10000038,-78,55,321.5,1,41.441245,-71.49552417,3,39
2086200,21.10000038,-46,55,323.25,1,41.441245,-71.49552417,3,42
2087200,21.10000038,-11.75,55,323.25,1,41.441245,-71.49552417,3,43
2088200,22.60000038,-49.5,55,322.75,1,41.44212333,-71.49572444,3,45
2089200,22.60000038,-55.5,55,322.5,1,41.44212333,-71.49572444,3,45
2090200,22.60000038,-55.5,55,322,1,41.44212333,-71.49572444,3,46
2091200,22.60000038,-62.75,55,324.5,1,41.44212333,-71.49572444,3,48
2092200,22.60000038,-27,55,323.75,1,41.44212333,-71.49572444,3,49
2093200,22.60000038,-27,55,323.5,1,41.44212333,-71.49572444,3,49
2094200,22.60000038,-4,55,324.75,1,41.44212333,-71.49572444,3,50
2095200,22.60000038,-2.5,55,325,1,41.44212333,-71.49572444,3,50
2096200,22.60000038,-9.75,55,325,1,41.44212333,-71.49572444,3,50
2097200,22.60000038,-2.5,55,325.25,1,41.44212333,-71.49572444,3,49
2098200,19.5,1,55,325.25,1,41.44334417,-71.49578611,3,49
2099200,19.5,1,55,325,1,41.44334417,-71.49578611,3,49
2100200,19.5,1,55,325,1,41.44334417,-71.49578611,3,49
2101200,19.5,-5.25,55,325,1,41.44334417,-71.49578611,3,49
2102200,19.5,-5.25,55,325.25,1,41.44334417,-71.49578611,3,48
2103200,19.5,-0.5,55,325,1,41.44334417,-71.49578611,3,47
2104200,19.5,-4.5,55,325.25,1,41.44334417,-71.49578611,3,46
2105200,19.5,-4.5,55,325.25,1,41.44334417,-71.49578611,3,46
2106200,19.5,-13,55,324,1,41.44334417,-71.49578611,3,46
2107200,19.5,-13,55,325,1,41.44334417,-71.49578611,3,46
2108200,16.79999924,-4.25,55,325.25,1,41.44451389,-71.49591694,3,47
2109200,16.79999924,-3,55,325.25,1,41.44451389,-71.49591694,3,47
2110200,16.79999924,-3.5,55,325.25,1,41.44451389,-71.49591694,3,48
2111200,16.79999924,-3.5,55,325.25,1,41.44451389,-71.49591694,3,48
2112200,16.79999924,-5,55,325.25,1,41.44451389,-71.49591694,3,49
2113200,16.79999924,-12.25,55,325.25,1,41.44451389,-71.49591694,3,49
2114200,16.79999924,-12.25,55,325.5,1,41.44451389,-71.49591694,3,48
2115200,16.79999924,-4.75,55,325.25,1,41.44451389,-71.49591694,3,47
2116200,16.79999924,-4.75,55,325.25,1,41.44451389,-71.49591694,3,46
2117200,16.79999924,9.25,55,325.75,1,41.44451389,-71.49591694,3,45
2118200,15.89999962,9.25,55,328,1,41.44566306,-71.496185,3,43
2119200,15.89999962,45.5,55,326.5,1,41.44566306,-71.496185,3,40
2120200,15.89999962,12,55,326,1,41.44566306,-71.496185,3,39
2121200,15.89999962,-3.25,55,325.5,1,41.44566306,-71.496185,3,37
2122200,15.89999962,-3.25,55,325.5,1,41.44566306,-71.496185,3,37
2123200,15.89999962,-3.25,55,325.5,1,41.44566306,-71.496185,3,37
2124200,15.89999962,-4.75,55,325.5,1,41.44566306,-71.496185,3,38
2125200,15.89999962,-4.75,55,323.5,1,41.44566306,-71.496185,3,38
2126200,15.89999962,-1.75,55,325.5,1,41.44566306,-71.496185,3,38
2127200,15.89999962,-1.75,55,325.5,1,41.44566306,-71.496185,3,38
2128200,16.10000038,-4.25,55,325.5,1,41.446635,-71.49607083,3,37
2129200,16.10000038,-4.25,55,325.25,1,41.446635,-71.49607083,3,37
2130200,16.10000038,-4.75,55,325.5,1,41.446635,-71.49607083,3,36
2131200,16.10000038,-4.75,55,325.5,1,41.446635,-71.49607083,3,36
2132200,16.10000038,44.75,55,328,1,41.446635,-71.49607083,3,34
2133200,16.10000038,44.75,55,327.25,1,41.446635,-71.49607083,3,30
2134200,16.10000038,29.5,55,327,1,41.446635,-71.49607083,3,26
2135200,16.10000038,26,55,327.75,1,41.446635,-71.49607083,3,20
2136200,16.10000038,39,55,326.75,1,41.446635,-71.49607083,3,14
2137200,16.10000038,10.25,55,326,1,41.446635,-71.49607083,3,14
2138200,14.80000019,1.75,55,326,1,41.44733556,-71.49597222,3,9
2139200,14.80000019,0.5,55,326,1,41.44733556,-71.49597222,3,9
2140200,14.80000019,-2,55,325.75,1,41.44733556,-71.49597222,3,6
2141200,14.80000019,-4.25,55,325.75,1,41.44733556,-71.49597222,3,5
2142200,14.80000019,-5.75,55,325.75,1,41.44733556,-71.49597222,3,5
2143200,14.80000019,-4.25,55,325.75,1,41.44733556,-71.49597222,3,6
2144200,14.80000019,-4.25,55,325.75,1,41.44733556,-71.49597222,3,5
2145200,14.80000019,-4.25,55,325.25,1,41.44733556,-71.49597222,3,5
2146200,14.80000019,-10.75,55,325.75,1,41.44733556,-71.49597222,3,6
2147200,14.80000019,-4.25,55,325.75,1,41.44733556,-71.49597222,3,6
2148200,14.89999962,-4.25,55,325.75,1,41.44749778,-71.49593861,3,6
2149200,14.89999962,-4.25,55,325.75,1,41.44749778,-71.49593861,3,4
2150200,14.89999962,-4.5,55,325.75,1,41.44749778,-71.49593861,3,4
2151200,14.89999962,-6,55,323.75,1,41.44749778,-71.49593861,3,2
2152200,14.89999962,-47,55,320.25,1,41.44749778,-71.49593861,3,7
2153200,14.89999962,-116.5,55,315.25,1,41.44749778,-71.49593861,3,18
2154200,14.89999962,-219.25,55,308,1,41.44749778,-71.49593861,3,31
2155200,14.89999962,-357,55,308,1,41.44749778,-71.49593861,3,47
2156200,14.89999962,-260.25,55,324.5,1,41.44749778,-71.49593861,3,60
2157200,14.89999962,1,55,324.25,1,41.44749778,-71.49593861,3,60
2158200,13.60000038,2.75,55,325,1,41.44826111,-71.49584944,3,60
2159200,13.60000038,-4,55,324.5,1,41.44826111,-71.49584944,3,59
2160200,13.60000038,-7.75,55,324.75,1,41.44826111,-71.49584944,3,59
2161200,13.60000038,-7.75,55,325,1,41.44826111,-71.49584944,3,58
2162200,13.60000038,-4.75,55,325,1,41.44826111,-71.49584944,3,57
2163200,13.60000038,-2.25,54.5,331.25,1,41.44826111,-71.49584944,3,58
2164200,13.60000038,-5,54.5,325.25,1,41.44826111,-71.49584944,3,55
2165200,13.60000038,-3.25,54.5,325.25,1,41.44826111,-71.49584944,3,49
2166200,13.60000038,-32.5,54.5,320,1,41.44826111,-71.49584944,3,50
2167200,13.60000038,-3.75,54.5,325,1,41.44826111,-71.49584944,3,52
2168200,7.599999905,-3.75,54.5,325,1,41.44962139,-71.49563472,3,54
2169200,7.599999905,-3.75,54.5,325,1,41.44962139,-71.49563472,3,53
2170200,7.599999905,-4,54.5,325.25,1,41.44962139,-71.49563472,3,53
2171200,7.599999905,32.25,54.5,326,1,41.44962139,-71.49563472,3,52
2172200,7.599999905,32.25,54.5,330.75,1,41.44962139,-71.49563472,3,47
2173200,7.599999905,95.5,54.5,330.5,1,41.44962139,-71.49563472,3,47
2174200,7.599999905,73.25,54.5,329.75,1,41.44962139,-71.49563472,3,38
2175200,7.599999905,73.25,54.5,327.75,1,41.44962139,-71.49563472,3,29
2176200,7.599999905,25.5,54.5,326.75,1,41.44962139,-71.49563472,3,20
2177200,7.599999905,15,54.5,325.5,1,41.44962139,-71.49563472,3,15
2178200,7.599999905,-16,54.5,321.5,1,41.44962139,-71.49563472,3,11
2179200,8.399999619,-97.75,54.5,316.25,1,41.45056444,-71.49560833,3,16
2180200,8.399999619,-203.75,54.5,309.5,1,41.45056444,-71.49560833,3,27
2181200,8.399999619,-332.25,54.5,324,1,41.45056444,-71.49560833,3,42
2182200,8.399999619,-5,54.5,324.5,1,41.45056444,-71.49560833,3,51
2183200,8.399999619,-4.5,54.5,324.75,1,41.45056444,-71.49560833,2,50
2184200,8.399999619,-4.25,54.5,324.75,1,41.45056444,-71.49560833,2,48
2185200,8.399999619,-4.25,54.5,323.75,1,41.45056444,-71.49560833,2,46
2186200,8.399999619,-67,54.5,310,1,41.45056444,-71.49560833,2,44
2187200,8.399999619,-5.5,54.5,323.75,1,41.45056444,-71.49560833,2,52
2188200,8.399999619,64,54.5,327.25,1,41.45056444,-71.49560833,2,62
2189200,8.300000191,64,54.5,330.25,1,41.45148361,-71.4962525,2,61
2190200,8.300000191,9.75,54.5,325.75,1,41.45148361,-71.4962525,2,57
2191200,8.300000191,-3,54.5,324.75,1,41.45148361,-71.4962525,2,54
2192200,8.300000191,-51,54.5,323.75,1,41.45148361,-71.4962525,2,52
2193200,8.300000191,-51,54.5,315.25,1,41.45148361,-71.4962525,2,52
2194200,8.300000191,-51,54.5,315.25,1,41.45148361,-71.4962525,2,58
2195200,8.300000191,-201.75,54.5,310,1,41.45148361,-71.4962525,2,66
2196200,8.300000191,-286.25,54.5,324.25,1,41.45148361,-71.4962525,2,66
2197200,8.300000191,-2.75,54.5,324.25,1,41.45148361,-71.4962525,2,66
2198200,8.300000191,-1.75,54.5,324.25,1,41.45148361,-71.4962525,2,62
2199200,10.89999962,-1.75,54.5,324.5,1,41.45283194,-71.49657083,2,62
2200200,10.89999962,-154.5,54.5,318.25,1,41.45283194,-71.49657083,2,59
2201200,10.89999962,-154.5,54.5,315.25,1,41.45283194,-71.49657083,2,65
2202200,10.89999962,-78.25,54.5,319.5,1,41.45283194,-71.49657083,2,70
2203200,10.89999962,-78.25,54,319.75,1,41.45283194,-71.49657083,2,72
2204200,10.89999962,-5.5,54,323.75,1,41.45283194,-71.49657083,2,73
2205200,10.89999962,-5.5,54,323.75,1,41.45283194,-71.49657083,2,72
2206200,10.89999962,-1.5,54,319.75,1,41.45283194,-71.49657083,2,73
2207200,10.89999962,-33.75,54,322,1,41.45283194,-71.49657083,2,72
2208200,10.89999962,-33.75,54,324,1,41.45283194,-71.49657083,2,71
2209200,9.800000191,-27.5,54,323,1,41.45454694,-71.49651972,2,69
2210200,9.800000191,-27.5,54,322.75,1,41.45454694,-71.49651972,2,69
2211200,9.800000191,-31.5,54,322.75,1,41.45454694,-71.49651972,2,68
2212200,9.800000191,-25,54,324,1,41.45454694,-71.49651972,2,67
2213200,9.800000191,-4.25,54,324.25,1,41.45454694,-71.49651972,2,67
2214200,9.800000191,-4.25,54,324,1,41.45454694,-71.49651972,2,65
2215200,9.800000191,-7.5,54,323.75,1,41.45454694,-71.49651972,2,63
2216200,9.800000191,-14.5,54,323.75,1,41.45454694,-71.49651972,2,62
2217200,9.800000191,-15.25,54,323.75,1,41.45454694,-71.49651972,2,60
2218200,9.800000191,-15.25,54,323.75,1,41.45454694,-71.49651972,2,59
2219200,13.60000038,-27,54,323,1,41.45616444,-71.4965425,2,58
2220200,13.60000038,-62,54,321.75,1,41.45616444,-71.4965425,2,58
2221200,13.60000038,-62,54,318.5,1,41.45616444,-71.4965425,2,58
2222200,13.60000038,-129.75,54,317.75,1,41.45616444,-71.4965425,2,60
2223200,13.60000038,-127.25,54,317.75,1,41.45616444,-71.4965425,2,63
2224200,13.60000038,-142,54,316.75,1,41.45616444,-71.4965425,2,66
2225200,13.60000038,-142,54,319.75,1,41.45616444,-71.4965425,2,68
2226200,13.60000038,-84.5,54,323.25,1,41.45616444,-71.4965425,2,69
2227200,13.60000038,-10.25,54,323.5,1,41.45616444,-71.4965425,2,68
2228200,13.60000038,-57.5,54,321.25,1,41.45616444,-71.4965425,2,67
2229200,16.79999924,-57.5,54,323.25,1,41.45774028,-71.49613028,2,68
2230200,16.79999924,-12,54,323.5,1,41.45774028,-71.49613028,2,68
2231200,16.79999924,-7,54,323.75,1,41.45774028,-71.49613028,2,68
2232200,16.79999924,-7,54,324,1,41.45774028,-71.49613028,2,67
2233200,16.79999924,-5.25,54,324,1,41.45774028,-71.49613028,2,67
2234200,16.79999924,-5,54,324,1,41.45774028,-71.49613028,2,66
2235200,16.79999924,-3.75,54,322.25,1,41.45774028,-71.49613028,2,66
2236200,16.79999924,-40.75,54,322.25,1,41.45774028,-71.49613028,2,67
2237200,16.79999924,-45.5,54,321,1,41.45774028,-71.49613028,2,70
2238200,16.79999924,-67.75,54,320.75,1,41.45774028,-71.49613028,2,73
2239200,9.100000381,-70.75,54,320.25,1,41.45936722,-71.49545167,2,76
2240200,9.100000381,-76.5,54,319,1,41.45936722,-71.49545167,2,79
2241200,9.100000381,-76.5,54,319,1,41.45936722,-71.49545167,2,81
2242200,9.100000381,-101.75,54,318.25,1,41.45936722,-71.49545167,2,84
2243200,9.100000381,-114.25,53.5,317.75,1,41.45936722,-71.49545167,2,84
2244200,9.100000381,-131.25,53.5,322,1,41.45936722,-71.49545167,2,86
2245200,9.100000381,-32.75,53.5,322.5,1,41.45936722,-71.49545167,2,86
2246200,9.100000381,-26.25,53.5,322.25,1,41.45936722,-71.49545167,2,86
2247200,9.100000381,-46,53.5,306.75,1,41.45936722,-71.49545167,2,85
2248200,9.100000381,-341.75,53.5,311.5,1,41.45936722,-71.49545167,2,91
2249200,8.399999619,-113.5,53.5,323,1,41.46147917,-71.49525944,2,96
2250200,8.399999619,0,53.5,323.25,1,41.46147917,-71.49525944,2,95
2251200,8.399999619,-2,53.5,323.5,1,41.46147917,-71.49525944,2,95
2252200,8.399999619,-3.25,53.5,323.25,1,41.46147917,-71.49525944,2,93
2253200,8.399999619,-178.5,53.5,316,1,41.46147917,-71.49525944,2,92
2254200,8.399999619,-178.5,53.5,323.25,1,41.46147917,-71.49525944,2,92
2255200,8.399999619,-250,53.5,315.75,1,41.46147917,-71.49525944,2,90
2256200,8.399999619,-250,53.5,323.5,1,41.46147917,-71.49525944,2,90
2257200,8.399999619,-2.75,53.5,330,1,41.46147917,-71.49525944,2,88
2258200,8.399999619,126.5,53.5,330.25,1,41.46147917,-71.49525944,2,80
2259200,11.5,126.5,53.5,329.75,1,41.46368778,-71.4951725,2,66
2260200,11.5,118,53.5,329.25,1,41.46368778,-71.4951725,2,49
2261200,11.5,66.5,53.5,328,1,41.46368778,-71.4951725,2,39
2262200,11.5,53.75,53.5,327.5,1,41.46368778,-71.4951725,2,33
2263200,11.5,53.75,53.5,327.25,1,41.46368778,-71.4951725,2,29
2264200,11.5,53.75,53.5,327.25,1,41.46368778,-71.4951725,2,23
2265200,11.5,37.25,53.5,326.75,1,41.46368778,-71.4951725,2,16
2266200,11.5,37.25,53.5,325.5,1,41.46368778,-71.4951725,2,16
2267200,11.5,7.5,53.5,324.75,1,41.46368778,-71.4951725,2,9
2268200,11.5,-4.5,53.5,324.75,1,41.46368778,-71.4951725,2,5
2269200,9.5,-6,53.5,324.5,1,41.46428417,-71.49513028,2,5
2270200,9.5,-6,53.5,322.75,1,41.46428417,-71.49513028,2,6
2271200,9.5,-98.75,53.5,320.25,1,41.46428417,-71.49513028,2,12
2272200,9.5,-188.5,53.5,316,1,41.46428417,-71.49513028,2,20
2273200,9.5,-355,53.5,306.75,1,41.46428417,-71.49513028,2,30
2274200,9.5,-350.25,53.5,306.25,1,41.46428417,-71.49513028,2,46
2275200,9.5,-43.5,53.5,314.5,1,41.46428417,-71.49513028,2,59
2276200,9.5,-3,53.5,323,1,41.46428417,-71.49513028,2,67
2277200,9.5,-3,53.5,323.25,1,41.46428417,-71.49513028,2,65
2278200,9.5,-3,53.5,323,1,41.46428417,-71.49513028,2,63
2279200,11.19999981,-14.25,53.5,322.25,1,41.46419028,-71.49646167,2,61
2280200,11.19999981,-16,53.5,323,1,41.46419028,-71.49646167,2,60
2281200,11.19999981,-16,53.5,323.25,1,41.46419028,-71.49646167,2,59
2282200,11.19999981,-17.25,53.5,323.5,1,41.46419028,-71.49646167,2,57
2283200,11.19999981,-2.5,53.5,323.75,1,41.46419028,-71.49646167,2,55
2284200,11.19999981,-2.5,53.5,323.75,1,41.46419028,-71.49646167,2,52
2285200,11.19999981,-187.25,53.5,315.75,1,41.46419028,-71.49646167,2,48
2286200,11.19999981,-246.75,53.5,311.75,1,41.46419028,-71.49646167,2,50
2287200,11.19999981,-264.5,53.5,310.25,1,41.46419028,-71.49646167,2,57
2288200,11.19999981,-264.5,53.5,310.25,1,41.46419028,-71.49646167,2,65
2289200,16.60000038,-27.25,53.5,316.75,1,41.46398,-71.4982875,2,71
2290200,16.60000038,-27.25,53.5,322.75,1,41.46398,-71.4982875,2,71
2291200,16.60000038,-4.25,53.5,323,1,41.46398,-71.4982875,2,70
2292200,16.60000038,-6.75,53.5,323,1,41.46398,-71.4982875,2,70
2293200,16.60000038,-4.25,53,323,1,41.46398,-71.4982875,2,69
2294200,16.60000038,-4.25,53,322.75,1,41.46398,-71.4982875,2,69
2295200,16.60000038,-8,53,322.5,1,41.46398,-71.4982875,2,69
2296200,16.60000038,-38,53,320.25,1,41.46398,-71.4982875,2,69
2297200,16.60000038,-38,53,317.75,1,41.46398,-71.4982875,2,69
2298200,16.60000038,-14.75,53,322.75,1,41.46398,-71.4982875,2,70
2299200,16.70000076,-14.75,53,323,1,41.46367111,-71.50056333,2,71
2300200,16.70000076,-11.5,53,323,1,41.46367111,-71.50056333,2,70
2301200,16.70000076,-10.75,53,319.5,1,41.46367111,-71.50056333,2,70
2302200,16.70000076,-80,53,321.5,1,41.46367111,-71.50056333,2,70
2303200,16.70000076,-54,53,321.75,1,41.46367111,-71.50056333,1,70
2304200,16.70000076,-26.5,53,320,1,41.46367111,-71.50056333,1,71
2305200,16.70000076,-70.75,53,321.75,1,41.46367111,-71.50056333,1,71
2306200,16.70000076,-22.75,53,320.5,1,41.46367111,-71.50056333,1,72
2307200,16.70000076,-62.25,53,319.75,1,41.46367111,-71.50056333,1,72
2308200,16.70000076,-73.25,53,322.5,1,41.46367111,-71.50056333,1,73
2309200,16.70000076,-62.25,53,321,1,41.46367111,-71.50056333,1,73
2310200,20,-55.25,53,320.75,1,41.46332806,-71.50311694,1,73
2311200,20,-55.25,53,320.75,1,41.46332806,-71.50311694,1,74
2312200,20,-61.25,53,320.25,1,41.46332806,-71.50311694,1,75
2313200,20,-61.25,53,320.25,1,41.46332806,-71.50311694,1,75
2314200,20,-61,53,320.25,1,41.46332806,-71.50311694,1,75
2315200,20,-63.25,53,320,1,41.46332806,-71.50311694,1,76
2316200,20,-63,53,320,1,41.46332806,-71.50311694,1,76
2317200,20,-58,53,323,1,41.46332806,-71.50311694,1,77
2318200,20,-2.5,53,323.75,1,41.46332806,-71.50311694,1,76
2319200,20,13,53,325.75,1,41.46332806,-71.50311694,1,74
2320200,19.79999924,49.25,53,326.25,1,41.46300028,-71.50555111,1,71
2321200,19.79999924,51,53,328.25,1,41.46300028,-71.50555111,1,67
2322200,19.79999924,100,53,330,1,41.46300028,-71.50555111,1,63
2323200,19.79999924,124.75,52.5,324.5,1,41.46300028,-71.50555111,1,52
2324200,19.79999924,9.75,52.5,324,1,41.46300028,-71.50555111,1,41
2325200,19.79999924,-4,52.5,324,1,41.46300028,-71.50555111,1,38
2326200,19.79999924,-3.5,52.5,324,1,41.46300028,-71.50555111,1,35
2327200,19.79999924,-4.5,52.5,324,1,41.46300028,-71.50555111,1,32
2328200,19.79999924,-4.5,52.5,321.75,1,41.46300028,-71.50555111,1,30
2329200,19.79999924,-55.5,52.5,321.25,1,41.46300028,-71.50555111,1,29
2330200,25.79999924,-57.75,52.5,320.25,1,41.46281278,-71.50691806,1,30
2331200,25.79999924,-92,52.5,319.5,1,41.46281278,-71.50691806,1,33
2332200,25.79999924,-92,52.5,318.5,1,41.46281278,-71.50691806,1,36
2333200,25.79999924,-106.75,52.5,318,1,41.46281278,-71.50691806,1,40
2334200,25.79999924,-117,52.5,323.25,1,41.46281278,-71.50691806,1,44
2335200,25.79999924,-117,52.5,323.25,1,41.46281278,-71.50691806,1,45
2336200,25.79999924,-5.5,52.5,323.5,1,41.46281278,-71.50691806,1,45
2337200,25.79999924,-4.5,52.5,323.5,1,41.46281278,-71.50691806,1,43
2338200,25.79999924,-3.5,52.5,323.5,1,41.46281278,-71.50691806,1,41
2339200,25.79999924,-3.5,52.5,323.5,1,41.46281278,-71.50691806,1,40
2340200,28.29999924,-3.5,52.5,323.75,1,41.4626525,-71.50820167,1,39
2341200,28.29999924,-3.75,52.5,323.75,1,41.4626525,-71.50820167,1,38
2342200,28.29999924,-4,52.5,323.75,1,41.4626525,-71.50820167,1,38
2343200,28.29999924,-4.75,52.5,323.75,1,41.4626525,-71.50820167,1,37
2344200,28.29999924,-3.25,52.5,325.75,1,41.4626525,-71.50820167,1,36
2345200,28.29999924,38,52.5,327,1,41.4626525,-71.50820167,1,34
2346200,28.29999924,59.75,52.5,326.25,1,41.4626525,-71.50820167,1,28
2347200,28.29999924,38,52.5,325.5,1,41.4626525,-71.50820167,1,21
2348200,28.29999924,24.75,52.5,325,1,41.4626525,-71.50820167,1,16
2349200,28.29999924,12.5,52.5,324.25,1,41.4626525,-71.50820167,1,10
2350200,21.39999962,-4,52.5,324,1,41.46251306,-71.50902111,1,8
2351200,21.39999962,-7.25,52.5,324,1,41.46251306,-71.50902111,1,8
2352200,21.39999962,-4.25,52.5,324.25,1,41.46251306,-71.50902111,1,9
2353200,21.39999962,0,52.5,324.25,1,41.46251306,-71.50902111,1,7
2354200,21.39999962,-4.25,52.5,324.25,1,41.46251306,-71.50902111,1,3
2355200,21.39999962,-4.5,52.5,324.25,1,41.46251306,-71.50902111,1,1
2356200,21.39999962,-4.5,52.5,324.25,1,41.46251306,-71.50902111,2,1
2357200,21.39999962,-4.5,52.5,324.25,1,41.46251306,-71.50902111,2,1
2358200,21.39999962,-4.5,52.5,324.25,1,41.46251306,-71.50902111,2,1
2359200,21.39999962,-4.5,52.5,324.25,1,41.46251306,-71.50902111,2,1
2360200,21.39999962,-4.5,52.5,324.25,1,41.46251306,-71.50902111,2,1
2361200,21.39999962,-4.5,52.5,324.25,1,41.46251306,-71.50902111,2,1
2362200,21.39999962,-4.5,52.5,324.25,1,41.46251306,-71.50902111,2,1
2363200,21.39999962,-4.5,52.5,324.25,1,41.46251306,-71.50902111,2,1
2364200,21.39999962,-4.5,52.5,324.25,1,41.46251306,-71.50902111,2,1
2365200,21.39999962,-4.5,52.5,324.25,1,41.46251306,-71.50902111,2,1
2366200,21.39999962,-4.5,52.5,324.25,1,41.46251306,-71.50902111,2,1
2367200,21.39999962,-4.5,52.5,324.25,1,41.46251306,-71.50902111,2,1
2368200,21.39999962,-4.5,52.5,324.25,1,41.46251306,-71.50902111,2,1
2369200,21.39999962,-4.5,52.5,324.25,1,41.46251306,-71.50902111,2,1
2370200,21.39999962,-4.5,52.5,324.25,1,41.46251306,-71.50902111,2,1
2371200,21.39999962,-4.5,52.5,324.25,1,41.46251306,-71.50902111,2,1
2372200,21.39999962,-4.5,52.5,324.25,1,41.46251306,-71.50902111,2,1
2373200,21.39999962,-4.5,52.5,324.25,1,41.46251306,-71.50902111,2,1
2374200,21.39999962,-4.5,52.5,324.25,1,41.46251306,-71.50902111,2,1
2375200,21.39999962,-4.5,52.5,324.25,1,41.46251306,-71.50902111,2,1
2376200,21.39999962,-4.5,52.5,324.25,1,41.46251306,-71.50902111,2,1
2377200,21.39999962,-4.5,52.5,324.25,1,41.46251306,-71.50902111,2,1
2378200,21.39999962,-4.5,52.5,324.25,1,41.46251306,-71.50902111,2,1
2379200,21.39999962,-4.5,52.5,324.25,1,41.46251306,-71.50902111,2,1
2380200,21.39999962,-4.5,52.5,324.25,1,41.46251306,-71.50902111,2,1
2381200,21.39999962,-4.5,52.5,324.25,1,41.46251306,-71.50902111,2,1
2382200,21.39999962,-4.5,52.5,324.25,1,41.46251306,-71.50902111,2,1
2383200,21.39999962,-4.5,52.5,324.25,1,41.46251306,-71.50902111,2,1
2384200,21.39999962,-4.5,52.5,324.25,1,41.46251306,-71.50902111,2,1
2385200,36.29999924,-4.5,52.5,324.25,1,41.46240417,-71.5092175,2,1
2386200,36.29999924,-4.5,52.5,324.25,1,41.46240417,-71.5092175,2,2
2387200,36.29999924,-4.5,52.5,324.25,1,41.46240417,-71.5092175,2,2
2388200,36.29999924,-4.5,52.5,324.25,1,41.46240417,-71.5092175,2,1
2389200,36.29999924,-4.75,52.5,324.5,1,41.46240417,-71.5092175,2,1
2390200,36.29999924,-4.75,52.5,324.5,1,41.46240417,-71.5092175,2,1
2391200,36.29999924,-4.75,52.5,324.5,1,41.46240417,-71.5092175,2,1
2392200,36.29999924,-4.75,52.5,324.5,1,41.46240417,-71.5092175,2,1
2393200,36.29999924,-8.5,52.5,324.25,1,41.46240417,-71.5092175,2,2
2394200,36.29999924,-27.75,52.5,324.25,1,41.46240417,-71.5092175,2,6
2395200,35.40000153,-27.75,52.5,321,1,41.46239889,-71.50927806,2,6
2396200,35.40000153,-112.75,52.5,321,1,41.46239889,-71.50927806,2,14
2397200,35.40000153,-112.75,52.5,317.25,1,41.46239889,-71.50927806,2,31
2398200,35.40000153,-178.75,52.5,317.25,1,41.46239889,-71.50927806,2,41
2399200,35.40000153,-178.75,52.5,314,1,41.46239889,-71.50927806,2,49
2400200,35.40000153,-203.5,52.5,314,1,41.46239889,-71.50927806,2,57
2401200,35.40000153,-221.75,52.5,316.25,1,41.46239889,-71.50927806,2,63
2402200,35.40000153,-146.25,52.5,317.75,1,41.46239889,-71.50927806,2,66
2403200,35.40000153,-112.75,52.5,323,1,41.46239889,-71.50927806,2,67
2404200,35.40000153,-3.5,52.5,323,1,41.46239889,-71.50927806,2,67
2405200,36.20000076,-73.25,52.5,321.25,1,41.461955,-71.51070972,2,67
2406200,36.20000076,-67.75,52.5,321.25,1,41.461955,-71.51070972,2,67
2407200,36.20000076,-67.75,52.5,321.25,1,41.461955,-71.51070972,2,67
2408200,36.20000076,-79.25,52.5,319.5,1,41.461955,-71.51070972,2,70
2409200,36.20000076,-78.75,52.5,319.25,1,41.461955,-71.51070972,2,70
2410200,36.20000076,-40.5,52.5,320.5,1,41.461955,-71.51070972,2,71
2411200,36.20000076,-61.25,52.5,320.5,1,41.461955,-71.51070972,2,71
2412200,36.20000076,-59,52.5,320.25,1,41.461955,-71.51070972,2,72
2413200,36.20000076,-58.75,52,320.25,1,41.461955,-71.51070972,2,72
2414200,36.20000076,-2.25,52,323,1,41.461955,-71.51070972,2,71
2415200,36.20000076,0,52,323,1,41.461955,-71.51070972,2,70
2416200,36.29999924,-6.25,52,322.25,1,41.46122472,-71.51306,2,69
2417200,36.29999924,-24.25,52,322.25,1,41.46122472,-71.51306,2,70
2418200,36.29999924,-16,52,322.25,1,41.46122472,-71.51306,2,69
2419200,36.29999924,-4.5,52,323.25,1,41.46122472,-71.51306,2,69
2420200,36.29999924,-51.25,52,321,1,41.46122472,-71.51306,2,71
2421200,36.29999924,-60,52,320.5,1,41.46122472,-71.51306,2,71
2422200,36.29999924,-65,52,320.25,1,41.46122472,-71.51306,2,73
2423200,36.29999924,-54.5,52,320.5,1,41.46122472,-71.51306,2,73
2424200,36.29999924,-4,52,322.75,1,41.46122472,-71.51306,2,73
2425200,36.29999924,-7,52,322.75,1,41.46122472,-71.51306,2,73
2426200,35.40000153,-45.75,52,321,1,41.46052028,-71.51523667,2,73
2427200,35.40000153,-50,52,321,1,41.46052028,-71.51523667,2,74
2428200,35.40000153,-41,52,323.25,1,41.46052028,-71.51523667,2,73
2429200,35.40000153,-3.5,52,323.25,1,41.46052028,-71.51523667,2,72
2430200,35.40000153,-4,52,323.25,1,41.46052028,-71.51523667,2,70
2431200,35.40000153,-12.75,52,322.75,1,41.46052028,-71.51523667,2,70
2432200,35.40000153,-12.75,52,322.75,1,41.46052028,-71.51523667,2,70
2433200,35.40000153,-13.5,52,323,1,41.46052028,-71.51523667,2,67
2434200,35.40000153,-6.5,52,323.25,1,41.46052028,-71.51523667,2,66
2435200,35.40000153,-2.25,52,323.5,1,41.46052028,-71.51523667,2,66
2436200,39.90000153,-8.5,52,322.25,1,41.46005194,-71.51745111,2,62
2437200,39.90000153,-25.5,52,322.25,1,41.46005194,-71.51745111,2,61
2438200,39.90000153,-33,52,321.75,1,41.46005194,-71.51745111,2,61
2439200,39.90000153,-34,52,322,1,41.46005194,-71.51745111,2,60
2440200,39.90000153,-65,52,320.25,1,41.46005194,-71.51745111,2,60
2441200,39.90000153,-64.5,52,320.25,1,41.46005194,-71.51745111,2,61
2442200,39.90000153,-71.5,52,320,1,41.46005194,-71.51745111,2,63
2443200,39.90000153,-69,52,320,1,41.46005194,-71.51745111,2,66
2444200,39.90000153,-76.75,52,319.75,1,41.46005194,-71.51745111,2,66
2445200,39.90000153,-0.25,52,322.75,1,41.46005194,-71.51745111,2,66
2446200,42.90000153,-3.25,52,323,1,41.459265,-71.51920778,2,65
2447200,42.90000153,-70,52,320,1,41.459265,-71.51920778,2,64
2448200,42.90000153,-72.75,52,319.75,1,41.459265,-71.51920778,2,65
2449200,42.90000153,-68.25,52,320,1,41.459265,-71.51920778,2,65
2450200,42.90000153,-71.25,52,319.75,1,41.459265,-71.51920778,2,66
2451200,42.90000153,-71.5,52,319.75,1,41.459265,-71.51920778,2,67
2452200,42.90000153,-75,52,319.75,1,41.459265,-71.51920778,2,68
2453200,42.90000153,-67.25,52,319.5,1,41.459265,-71.51920778,1,69
2454200,42.90000153,-1.25,52,323,1,41.459265,-71.51920778,1,68
2455200,42.90000153,-1.25,52,323,1,41.459265,-71.51920778,1,68
2456200,46.79999924,-2.75,52,321.5,1,41.4582225,-71.52092222,1,66
2457200,46.79999924,-40.25,52,320,1,41.4582225,-71.52092222,1,65
2458200,46.79999924,-61.75,52,320,1,41.4582225,-71.52092222,1,66
2459200,46.79999924,-66.5,52,319.5,1,41.4582225,-71.52092222,1,67
2460200,46.79999924,-60.75,52,319.5,1,41.4582225,-71.52092222,1,68
2461200,46.79999924,-73.5,52,319.25,1,41.4582225,-71.52092222,1,69
2462200,46.79999924,-76.75,52,319.25,1,41.4582225,-71.52092222,1,70
2463200,46.79999924,-31.5,51.5,321.5,1,41.4582225,-71.52092222,1,70
2464200,46.79999924,-32.75,51.5,322.75,1,41.4582225,-71.52092222,1,71
2465200,46.79999924,-1.5,51.5,322.75,1,41.4582225,-71.52092222,1,70
2466200,48.5,-2.5,51.5,322.75,1,41.45720889,-71.52275444,1,69
2467200,48.5,-3.5,51.5,323,1,41.45720889,-71.52275444,1,68
2468200,48.5,-2.5,51.5,323,1,41.45720889,-71.52275444,1,67
2469200,48.5,-4.5,51.5,323,1,41.45720889,-71.52275444,1,67
2470200,48.5,-2,51.5,323.25,1,41.45720889,-71.52275444,1,66
2471200,48.5,-2.75,51.5,318.25,1,41.45720889,-71.52275444,1,65
2472200,48.5,-102.25,51.5,320.25,1,41.45720889,-71.52275444,1,67
2473200,48.5,-62,51.5,321.25,1,41.45720889,-71.52275444,1,68
2474200,48.5,-38.5,51.5,321.75,1,41.45720889,-71.52275444,1,69
2475200,48.5,-24.5,51.5,322,1,41.45720889,-71.52275444,1,69
2476200,49.40000153,-28,51.5,322,1,41.45619167,-71.52453917,1,68
2477200,49.40000153,-28,51.5,322,1,41.45619167,-71.52453917,1,68
2478200,49.40000153,-23.75,51.5,320,1,41.45619167,-71.52453917,1,68
2479200,49.40000153,-113.75,51.5,320,1,41.45619167,-71.52453917,1,67
2480200,49.40000153,-45.75,51.5,321,1,41.45619167,-71.52453917,1,69
2481200,49.40000153,-43.75,51.5,321,1,41.45619167,-71.52453917,1,69
2482200,49.40000153,-42,51.5,319.5,1,41.45619167,-71.52453917,1,69
2483200,49.40000153,-67,51.5,319.5,1,41.45619167,-71.52453917,1,70
2484200,49.40000153,-70.75,51.5,319.5,1,41.45619167,-71.52453917,1,71
2485200,49.40000153,-51.75,51.5,320.5,1,41.45619167,-71.52453917,1,72
2486200,49.79999924,-51.5,51.5,320.5,1,41.45514861,-71.52638167,1,72
2487200,49.79999924,-35.25,51.5,322.75,1,41.45514861,-71.52638167,1,72
2488200,49.79999924,-2.5,51.5,322.75,1,41.45514861,-71.52638167,1,70
2489200,49.79999924,-2.75,51.5,323,1,41.45514861,-71.52638167,1,70
2490200,49.79999924,4.5,51.5,323,1,41.45514861,-71.52638167,1,68
2491200,49.79999924,88.25,51.5,327,1,41.45514861,-71.52638167,1,64
2492200,49.79999924,86.5,51.5,327,1,41.45514861,-71.52638167,1,59
2493200,49.79999924,106,51.5,328.5,1,41.45514861,-71.52638167,1,52
2494200,49.79999924,94,51.5,328.5,1,41.45514861,-71.52638167,1,38
2495200,49.79999924,58.25,51.5,326.5,1,41.45514861,-71.52638167,1,29
2496200,51,65.75,51.5,326.25,1,41.45429111,-71.52789194,1,20
2497200,51,30.5,51.5,326.25,1,41.45429111,-71.52789194,1,20
2498200,51,8.75,51.5,323.75,1,41.45429111,-71.52789194,1,1
2499200,51,-4.5,51.5,323.75,1,41.45429111,-71.52789194,1,0
2500200,51,-32.5,51.5,322.5,1,41.45429111,-71.52789194,1,0
2501200,51,-96.5,51.5,319.25,1,41.45429111,-71.52789194,1,17
2502200,51,-96.5,51.5,317.5,1,41.45429111,-71.52789194,1,25
2503200,51,-263.5,51.5,311,1,41.45429111,-71.52789194,1,39
2504200,51,-263.5,51.5,305.5,1,41.45429111,-71.52789194,1,54
2505200,51,-354,51.5,305.5,1,41.45429111,-71.52789194,1,67
2506200,46.09999847,-348,51.5,305.5,1,41.45462111,-71.52824083,1,67
2507200,46.09999847,-348,51.5,322.25,1,41.45462111,-71.52824083,1,69
2508200,46.09999847,-6,51.5,322.25,1,41.45462111,-71.52824083,1,69
2509200,46.09999847,-4.25,51.5,322.5,1,41.45462111,-71.52824083,1,68
2510200,46.09999847,-4.5,51.5,322.5,1,41.45462111,-71.52824083,1,67
2511200,46.09999847,-4.5,51,322.5,1,41.45462111,-71.52824083,1,66
2512200,46.09999847,-2,51,323,1,41.45462111,-71.52824083,1,64
2513200,46.09999847,-2,51,322.75,1,41.45462111,-71.52824083,1,62
2514200,46.09999847,-4.75,51,323,1,41.45462111,-71.52824083,1,62
2515200,46.09999847,-3,51,323,1,41.45462111,-71.52824083,1,62
2516200,44.20000076,0,51,323,1,41.45621361,-71.52861833,1,62
2517200,44.20000076,-4.25,51,323,1,41.45621361,-71.52861833,1,62
2518200,44.20000076,-4.25,51,323,1,41.45621361,-71.52861833,1,61
2519200,44.20000076,-3,51,323,1,41.45621361,-71.52861833,1,61
2520200,44.20000076,-5,51,323,1,41.45621361,-71.52861833,1,60
2521200,44.20000076,-4.75,51,323.25,1,41.45621361,-71.52861833,1,59
2522200,44.20000076,-3.75,51,323.25,1,41.45621361,-71.52861833,1,60
2523200,44.20000076,-119.5,51,319,1,41.45621361,-71.52861833,1,63
2524200,44.20000076,-145.75,51,320.75,1,41.45621361,-71.52861833,1,65
2525200,44.20000076,-145.75,51,320.75,1,41.45621361,-71.52861833,1,67
2526200,42.5,-66.5,51,318.5,1,41.45772222,-71.52859528,1,69
2527200,42.5,-98.75,51,318.5,1,41.45772222,-71.52859528,1,69
2528200,42.5,-52,51,320,1,41.45772222,-71.52859528,1,71
2529200,42.5,-60.5,51,320,1,41.45772222,-71.52859528,1,71
2530200,42.5,-31,51,321.25,1,41.45772222,-71.52859528,1,71
2531200,42.5,-31.5,51,321.25,1,41.45772222,-71.52859528,1,72
2532200,42.5,-39.25,51,320.5,1,41.45772222,-71.52859528,1,72
2533200,42.5,-31,51,321.5,1,41.45772222,-71.52859528,1,72
2534200,42.5,-27,51,321.5,1,41.45772222,-71.52859528,1,72
2535200,42.5,-25.5,51,321.5,1,41.45772222,-71.52859528,1,73
2536200,38,-24.75,51,321.5,1,41.45939611,-71.52779194,1,74
2537200,38,-24,51,321.75,1,41.45939611,-71.52779194,1,75
2538200,38,-25.5,51,321.5,1,41.45939611,-71.52779194,1,76
2539200,38,-25,51,322,1,41.45939611,-71.52779194,1,76
2540200,38,-20.75,51,322,1,41.45939611,-71.52779194,1,76
2541200,38,-15.5,51,322,1,41.45939611,-71.52779194,1,74
2542200,38,1.25,51,323,1,41.45939611,-71.52779194,1,74
2543200,38,-5.25,51,323,1,41.45939611,-71.52779194,1,72
2544200,38,-22.5,51,322.75,1,41.45939611,-71.52779194,1,70
2545200,38,-100.5,51,318.25,1,41.45939611,-71.52779194,1,70
2546200,41.79999924,-113.25,51,317.5,1,41.4610475,-71.52678917,1,70
2547200,41.79999924,-3.5,51,322.25,1,41.4610475,-71.52678917,1,69
2548200,41.79999924,-3.5,51,322.5,1,41.4610475,-71.52678917,1,66
2549200,41.79999924,-6,51,320,1,41.4610475,-71.52678917,1,63
2550200,41.79999924,-58,51,320,1,41.4610475,-71.52678917,1,63
2551200,41.79999924,-58.5,51,320,1,41.4610475,-71.52678917,1,61
2552200,41.79999924,-56.25,51,319.25,1,41.4610475,-71.52678917,1,60
2553200,41.79999924,-35.75,51,321.25,1,41.4610475,-71.52678917,1,58
2554200,41.79999924,-46.75,51,320.5,1,41.4610475,-71.52678917,1,57
2555200,41.79999924,-75,51,319.25,1,41.4610475,-71.52678917,1,58
2556200,41.79999924,-129.5,51,316.5,1,41.4610475,-71.52678917,1,61
2557200,54.59999847,-90.5,51,316.5,1,41.46273694,-71.52661917,1,64
2558200,54.59999847,-71,51,319,1,41.46273694,-71.52661917,1,65
2559200,54.59999847,-3.75,51,322.25,1,41.46273694,-71.52661917,1,64
2560200,54.59999847,-4.5,51,322.5,1,41.46273694,-71.52661917,1,63
2561200,54.59999847,-6.5,50.5,321.5,1,41.46273694,-71.52661917,1,62
2562200,54.59999847,-94.25,50.5,318,1,41.46273694,-71.52661917,1,64
2563200,54.59999847,-91,50.5,318,1,41.46273694,-71.52661917,1,66
2564200,54.59999847,-55,50.5,320.25,1,41.46273694,-71.52661917,1,69
2565200,54.59999847,-55,50.5,320.5,1,41.46273694,-71.52661917,1,70
2566200,54.59999847,-26.25,50.5,320.5,1,41.46273694,-71.52661917,1,72
2567200,55.29999924,-26.25,50.5,321,1,41.46438667,-71.52651361,1,72
2568200,55.29999924,-24.5,50.5,321.25,1,41.46438667,-71.52651361,1,71
2569200,55.29999924,-69.5,50.5,319.5,1,41.46438667,-71.52651361,1,71
2570200,55.29999924,-54,50.5,320.75,1,41.46438667,-71.52651361,1,72
2571200,55.29999924,-52.5,50.5,319.75,1,41.46438667,-71.52651361,1,72
2572200,55.29999924,-52.5,50.5,319.75,1,41.46438667,-71.52651361,1,72
2573200,55.29999924,-51,50.5,319.75,1,41.46438667,-71.52651361,1,73
2574200,55.29999924,-51,50.5,319.75,1,41.46438667,-71.52651361,1,74
2575200,55.29999924,-52.25,50.5,320.25,1,41.46438667,-71.52651361,1,74
2576200,55.29999924,-44,50.5,320.25,1,41.46438667,-71.52651361,1,74
2577200,57.5,-44,50.5,320.75,1,41.46618944,-71.52639611,1,74
2578200,57.5,-18.5,50.5,320.75,1,41.46618944,-71.52639611,1,73
2579200,57.5,-18.5,50.5,321.5,1,41.46618944,-71.52639611,1,72
2580200,57.5,-17.5,50.5,321.5,1,41.46618944,-71.52639611,1,71
2581200,57.5,-18,50.5,321.75,1,41.46618944,-71.52639611,1,71
2582200,57.5,-18,50.5,317.5,1,41.46618944,-71.52639611,1,69
2583200,57.5,-21,50.5,317.5,1,41.46618944,-71.52639611,1,69
2584200,57.5,-21,50.5,322.25,1,41.46618944,-71.52639611,1,70
2585200,57.5,-12,50.5,322,1,41.46618944,-71.52639611,1,69
2586200,57.5,-12,50.5,321.25,1,41.46618944,-71.52639611,1,69
2587200,57.90000153,-18,50.5,321.25,1,41.46789944,-71.52629194,1,69
2588200,57.90000153,-60.75,50.5,320,1,41.46789944,-71.52629194,1,69
2589200,57.90000153,-39.75,50.5,320.75,1,41.46789944,-71.52629194,1,70
2590200,57.90000153,-21,50.5,321.5,1,41.46789944,-71.52629194,1,70
2591200,57.90000153,-11.75,50.5,322,1,41.46789944,-71.52629194,1,71
2592200,57.90000153,-143,50.5,315.5,1,41.46789944,-71.52629194,1,72
2593200,57.90000153,-7,50.5,322,1,41.46789944,-71.52629194,1,72
2594200,57.90000153,-7,50.5,322,1,41.46789944,-71.52629194,1,70
2595200,57.90000153,-3.25,50.5,322.25,1,41.46789944,-71.52629194,1,70
2596200,57.90000153,23.25,50.5,324,1,41.46789944,-71.52629194,1,68
2597200,59.5,23.25,50.5,323.25,1,41.46962889,-71.52610139,1,66
2598200,59.5,10,50.5,323.25,1,41.46962889,-71.52610139,1,65
2599200,59.5,11,50.5,323.25,1,41.46962889,-71.52610139,1,65
2600200,59.5,11,50.5,329.25,1,41.46962889,-71.52610139,1,58
2601200,59.5,127.75,50.5,329.25,1,41.46962889,-71.52610139,1,44
2602200,59.5,127.75,50.5,324.5,1,41.46962889,-71.52610139,1,38
2603200,59.5,21.5,50.5,324.5,1,41.46962889,-71.52610139,1,38
2604200,59.5,-3.5,50.5,323.25,1,41.46962889,-71.52610139,1,35
2605200,59.5,-4.25,50.5,323.25,1,41.46962889,-71.52610139,1,34
2606200,59.5,-4.25,50.5,323.25,1,41.46962889,-71.52610139,1,34
2607200,54.59999847,-30.25,50.5,323.25,1,41.47074333,-71.52587306,1,33
2608200,54.59999847,-30.25,50.5,321.25,1,41.47074333,-71.52587306,1,35
2609200,54.59999847,-40.75,50.5,321.75,1,41.47074333,-71.52587306,1,37
2610200,54.59999847,-4,50.5,321.75,1,41.47074333,-71.52587306,1,36
2611200,54.59999847,-5,50.5,323,1,41.47074333,-71.52587306,1,35
2612200,54.59999847,-76,50.5,323,1,41.47074333,-71.52587306,1,37
2613200,54.59999847,-76,50.5,319.25,1,41.47074333,-71.52587306,1,40
2614200,54.59999847,-22.5,50.5,322.25,1,41.47074333,-71.52587306,1,42
2615200,54.59999847,-73.75,50.5,319.5,1,41.47074333,-71.52587306,1,43
2616200,54.59999847,-75.5,50.5,319.25,1,41.47074333,-71.52587306,1,46
2617200,59.09999847,-77.5,50.5,319.25,1,41.47163778,-71.5256225,1,49
2618200,59.09999847,-77.5,50.5,319,1,41.47163778,-71.5256225,1,51
2619200,59.09999847,-73.25,50.5,319,1,41.47163778,-71.5256225,1,52
2620200,59.09999847,-6,50.5,322.5,1,41.47163778,-71.5256225,1,51
2621200,59.09999847,-2.5,50,323.25,1,41.47163778,-71.5256225,1,50
2622200,59.09999847,-2.5,50,323.25,1,41.47163778,-71.5256225,1,50
2623200,59.09999847,47,50,325,1,41.47163778,-71.5256225,1,47
2624200,59.09999847,47,50,322.75,1,41.47163778,-71.5256225,1,44
2625200,59.09999847,-40.5,50,322.75,1,41.47163778,-71.5256225,1,43
2626200,59.09999847,-40.5,50,321.75,1,41.47163778,-71.5256225,1,43
2627200,60,-5.25,50,322.75,1,41.47276083,-71.52531139,1,41
2628200,60,-5.25,50,323,1,41.47276083,-71.52531139,1,41
2629200,60,-4,50,322.75,1,41.47276083,-71.52531139,1,37
2630200,60,-39,50,322,1,41.47276083,-71.52531139,1,37
2631200,60,-59.25,50,320,1,41.47276083,-71.52531139,1,39
2632200,60,-7,50,322.75,1,41.47276083,-71.52531139,1,38
2633200,60,-117.5,50,317.5,1,41.47276083,-71.52531139,1,40
2634200,60,-4,50,322.75,1,41.47276083,-71.52531139,1,41
2635200,60,-73,50,320,1,41.47276083,-71.52531139,1,41
2636200,60,-53.5,50,318.75,1,41.47276083,-71.52531139,1,43
2637200,60.79999924,-15,50,322,1,41.47369333,-71.52504694,1,43
2638200,60.79999924,-31,50,322,1,41.47369333,-71.52504694,1,42
2639200,60.79999924,-43.25,50,320.75,1,41.47369333,-71.52504694,1,43
2640200,60.79999924,-34.75,50,321.25,1,41.47369333,-71.52504694,1,43
2641200,60.79999924,-55.75,50,322.25,1,41.47369333,-71.52504694,1,44
2642200,60.79999924,-5.75,50,322.25,1,41.47369333,-71.52504694,1,45
2643200,60.79999924,-2.75,50,322.5,1,41.47369333,-71.52504694,1,44
2644200,60.79999924,-2.75,50,322.75,1,41.47369333,-71.52504694,1,43
2645200,60.79999924,-4,50,322,1,41.47369333,-71.52504694,1,42
2646200,60.79999924,-12.75,50,321.25,1,41.47369333,-71.52504694,1,42
2647200,64.90000153,-34,50,320.75,1,41.47475194,-71.52474694,1,42
2648200,64.90000153,-43.25,50,320.75,1,41.47475194,-71.52474694,1,42
2649200,64.90000153,-43,50,320.75,1,41.47475194,-71.52474694,1,43
2650200,64.90000153,-2,50,322.75,1,41.47475194,-71.52474694,1,43
2651200,64.90000153,-8.5,50,322.5,1,41.47475194,-71.52474694,1,42
2652200,64.90000153,-5.75,50,322.75,1,41.47475194,-71.52474694,1,42
2653200,64.90000153,-5.75,50,322.5,1,41.47475194,-71.52474694,1,42
2654200,64.90000153,-5.75,50,322.75,1,41.47475194,-71.52474694,1,42
2655200,64.90000153,-4.75,50,322.5,1,41.47475194,-71.52474694,1,43
2656200,64.90000153,-6.25,50,322.75,1,41.47475194,-71.52474694,1,42
2657200,68.09999847,-4.5,50,322.75,1,41.47578083,-71.52447556,1,42
2658200,68.09999847,-4.5,50,322.75,1,41.47578083,-71.52447556,1,42
2659200,68.09999847,50.75,50,326.5,1,41.47578083,-71.52447556,1,41
2660200,68.09999847,-3.75,50,326.5,1,41.47578083,-71.52447556,1,34
2661200,68.09999847,-31,50,322,1,41.47578083,-71.52447556,1,32
2662200,68.09999847,-37.5,50,321.25,1,41.47578083,-71.52447556,1,32
2663200,68.09999847,-37.5,50,322.75,1,41.47578083,-71.52447556,1,34
2664200,68.09999847,-6.75,50,323,1,41.47578083,-71.52447556,1,34
2665200,68.09999847,-48.75,50,320.25,1,41.47578083,-71.52447556,1,34
2666200,68.09999847,-185.5,50,320.25,1,41.47578083,-71.52447556,1,36
2667200,68.09999847,-185.5,50,309,1,41.47578083,-71.52447556,1,41
2668200,69.69999695,-281.25,50,306.5,1,41.47677472,-71.52418306,1,52
2669200,69.69999695,-271.5,50,306.5,1,41.47677472,-71.52418306,1,52
2670200,69.69999695,-271.5,50,306.5,1,41.47677472,-71.52418306,1,63
2671200,69.69999695,-3.5,49.5,322,1,41.47677472,-71.52418306,1,65
2672200,69.69999695,-4,49.5,322,1,41.47677472,-71.52418306,1,64
2673200,69.69999695,-1.5,49.5,322.25,1,41.47677472,-71.52418306,1,63
2674200,69.69999695,-76.5,49.5,319,1,41.47677472,-71.52418306,1,62
2675200,69.69999695,-50.5,49.5,319,1,41.47677472,-71.52418306,1,62
2676200,69.69999695,-50.5,49.5,322,1,41.47677472,-71.52418306,1,62
2677200,69.69999695,-2.75,49.5,322.25,1,41.47677472,-71.52418306,1,62
2678200,71.40000153,-2.75,49.5,322.25,1,41.47831667,-71.52369667,1,61
2679200,71.40000153,-3.5,49.5,322.5,1,41.47831667,-71.52369667,1,60
2680200,71.40000153,-3.5,49.5,322.5,1,41.47831667,-71.52369667,1,59
2681200,71.40000153,-3.5,49.5,322.5,1,41.47831667,-71.52369667,1,58
2682200,71.40000153,-3,49.5,322.75,1,41.47831667,-71.52369667,1,57
2683200,71.40000153,37.25,49.5,324,1,41.47831667,-71.52369667,1,57
2684200,71.40000153,37.25,49.5,328.75,1,41.47831667,-71.52369667,1,55
2685200,71.40000153,92.5,49.5,327.75,1,41.47831667,-71.52369667,1,48
2686200,71.40000153,10.5,49.5,323.75,1,41.47831667,-71.52369667,1,40
2687200,71.40000153,11.5,49.5,323.75,1,41.47831667,-71.52369667,1,36
2688200,72.30000305,48.75,49.5,325.75,1,41.47959389,-71.523245,1,34
2689200,72.30000305,38,49.5,325.25,1,41.47959389,-71.523245,1,28
2690200,72.30000305,38,49.5,325,1,41.47959389,-71.523245,1,22
2691200,72.30000305,30.75,49.5,323.75,1,41.47959389,-71.523245,1,16
2692200,72.30000305,7,49.5,323.75,1,41.47959389,-71.523245,1,16
2693200,72.30000305,-4.5,49.5,323.25,1,41.47959389,-71.523245,1,9
2694200,72.30000305,-4.5,49.5,321.75,1,41.47959389,-71.523245,1,5
2695200,72.30000305,-83.5,49.5,319.25,1,41.47959389,-71.523245,1,6
2696200,72.30000305,-83.5,49.5,316.5,1,41.47959389,-71.523245,1,14
2697200,72.30000305,-140,49.5,312.5,1,41.47959389,-71.523245,1,24
2698200,74.30000305,-296,49.5,308.25,1,41.4799625,-71.52335556,1,35
2699200,74.30000305,-353,49.5,308.25,1,41.4799625,-71.52335556,1,48
2700200,74.30000305,-353,49.5,304.5,1,41.4799625,-71.52335556,1,61
2701200,74.30000305,-0.75,49.5,321.25,1,41.4799625,-71.52335556,1,71
2702200,74.30000305,-0.75,49.5,323,1,41.4799625,-71.52335556,1,71
2703200,74.30000305,129.5,49.5,328.25,1,41.4799625,-71.52335556,1,69
2704200,74.30000305,129.5,49.5,326.25,1,41.4799625,-71.52335556,1,63
2705200,74.30000305,46.25,49.5,323.5,1,41.4799625,-71.52335556,1,54
2706200,74.30000305,22.5,49.5,328,1,41.4799625,-71.52335556,1,52
2707200,74.30000305,31.5,49.5,324.25,1,41.4799625,-71.52335556,1,47
2708200,76,31.5,49.5,327.75,1,41.480295,-71.52519833,1,41
2709200,76,65.5,49.5,326.25,1,41.480295,-71.52519833,1,33
2710200,76,-5.5,49.5,322.75,1,41.480295,-71.52519833,1,25
2711200,76,-5.5,49.5,322.25,1,41.480295,-71.52519833,1,22
2712200,76,-56,49.5,320,1,41.480295,-71.52519833,1,21
2713200,76,-69.5,49.5,319.5,1,41.480295,-71.52519833,1,23
2714200,76,-39.5,49.5,320,1,41.480295,-71.52519833,1,26
2715200,76,-3.5,49.5,322.5,1,41.480295,-71.52519833,1,29
2716200,76,-3.5,49.5,322.5,1,41.480295,-71.52519833,1,28
2717200,76,-5.75,49.5,323,1,41.480295,-71.52519833,1,28
2718200,76.90000153,-5.75,49.5,323,1,41.48082861,-71.52549361,1,28
2719200,76.90000153,51.5,49.5,325.25,1,41.48082861,-71.52549361,1,27
2720200,76.90000153,27.25,49.5,324.75,1,41.48082861,-71.52549361,1,23
2721200,76.90000153,0.75,49.5,324.75,1,41.48082861,-71.52549361,1,15
2722200,76.90000153,0.75,49.5,322.75,1,41.48082861,-71.52549361,1,7
2723200,76.90000153,-4.5,49.5,323,1,41.48082861,-71.52549361,1,1
2724200,76.90000153,-4.25,49.5,323,1,41.48082861,-71.52549361,1,1
2725200,76.90000153,-4.25,49.5,323,1,41.48082861,-71.52549361,1,1
2726200,76.90000153,-4.25,49.5,323,1,41.48082861,-71.52549361,1,1
2727200,76.90000153,-4.25,49.5,323,1,41.48082861,-71.52549361,1,1
2728200,76.90000153,-4.25,49.5,323,1,41.48082861,-71.52549361,1,1
2729200,76.90000153,-4.25,49.5,323,1,41.48082861,-71.52549361,1,1
2730200,76.90000153,-4.25,49.5,323,1,41.48082861,-71.52549361,1,1
2731200,76.90000153,-4.25,49.5,323,1,41.48082861,-71.52549361,1,1
2732200,76.90000153,-4.25,49.5,323,1,41.48082861,-71.52549361,1,1
2733200,76.90000153,-1,49.5,323.25,1,41.48082861,-71.52549361,1,1
2734200,76.90000153,-1,49.5,323.25,1,41.48082861,-71.52549361,1,1
2735200,80.19999695,-5.25,49.5,323,1,41.48101333,-71.52545972,1,2
2736200,80.19999695,-1,49.5,323,1,41.48101333,-71.52545972,1,2
2737200,80.19999695,-1,49.5,323.25,1,41.48101333,-71.52545972,1,2
2738200,80.19999695,-4.75,49.5,323,1,41.48101333,-71.52545972,1,2
2739200,80.19999695,-4,49.5,323,1,41.48101333,-71.52545972,1,4
2740200,80.19999695,-9.75,49.5,323,1,41.48101333,-71.52545972,1,4
2741200,80.19999695,-9.75,49.5,322.5,1,41.48101333,-71.52545972,1,8
2742200,80.19999695,-18.5,49.5,319.75,1,41.48101333,-71.52545972,1,14
2743200,80.19999695,-80.5,49.5,319.75,1,41.48101333,-71.52545972,1,14
2744200,80.19999695,-80.5,49.5,314.75,1,41.48101333,-71.52545972,1,27
2745200,78.30000305,-180.5,49.5,319.5,1,41.48121167,-71.52549444,1,39
2746200,78.30000305,-8,49.5,319.5,1,41.48121167,-71.52549444,1,40
2747200,78.30000305,-8,49.5,322.75,1,41.48121167,-71.52549444,1,39
2748200,78.30000305,-4,49.5,322.75,1,41.48121167,-71.52549444,1,40
2749200,78.30000305,-4,49.5,320.75,1,41.48121167,-71.52549444,1,41
2750200,78.30000305,-0.25,49.5,320.75,1,41.48121167,-71.52549444,1,43
2751200,78.30000305,-0.25,49.5,323,1,41.48121167,-71.52549444,1,43
2752200,78.30000305,-2,49.5,323,1,41.48121167,-71.52549444,1,43
2753200,78.30000305,-2,49.5,323,1,41.48121167,-71.52549444,1,43
2754200,78.30000305,-1.25,49.5,323,1,41.48121167,-71.52549444,1,43
2755200,73.80000305,0,49.5,323,1,41.48224778,-71.52561667,1,43
2756200,73.80000305,0,49.5,323,1,41.48224778,-71.52561667,1,43
2757200,73.80000305,-1.5,49.5,323,1,41.48224778,-71.52561667,1,43
2758200,73.80000305,0,49.5,323,1,41.48224778,-71.52561667,1,43
2759200,73.80000305,98.5,49.5,323,1,41.48224778,-71.52561667,1,41
2760200,73.80000305,105.5,49.5,328.5,1,41.48224778,-71.52561667,1,33
2761200,73.80000305,66.5,49.5,327,1,41.48224778,-71.52561667,1,24
2762200,73.80000305,66.5,49.5,327,1,41.48224778,-71.52561667,1,18
2763200,73.80000305,66.5,49.5,323,1,41.48224778,-71.52561667,1,18
2764200,73.80000305,-6.5,49.5,323,1,41.48224778,-71.52561667,1,23
2765200,68.69999695,-74,49.5,320.25,1,41.48308583,-71.52581556,1,23
2766200,68.69999695,-74,49.5,320.25,1,41.48308583,-71.52581556,1,23
2767200,68.69999695,-81.75,49.5,319.25,1,41.48308583,-71.52581556,1,34
2768200,68.69999695,-81.75,49.5,319.25,1,41.48308583,-71.52581556,1,38
2769200,68.69999695,-89.5,49.5,323,1,41.48308583,-71.52581556,1,39
2770200,68.69999695,-0.25,49.5,323,1,41.48308583,-71.52581556,1,39
2771200,68.69999695,-0.75,49.5,323,1,41.48308583,-71.52581556,1,39
2772200,68.69999695,-0.75,49.5,323.25,1,41.48308583,-71.52581556,1,39
2773200,68.69999695,0,49.5,323.25,1,41.48308583,-71.52581556,1,39
2774200,68.69999695,-0.75,49.5,323.25,1,41.48308583,-71.52581556,1,39
2775200,65.69999695,-40.75,49.5,320.5,1,41.483975,-71.52590694,1,41
2776200,65.69999695,-40.75,49.5,320.75,1,41.483975,-71.52590694,1,43
2777200,65.69999695,-12,49.5,322,1,41.483975,-71.52590694,1,42
2778200,65.69999695,-9.75,49.5,322.5,1,41.483975,-71.52590694,1,42
2779200,65.69999695,-36.5,49.5,321.5,1,41.483975,-71.52590694,1,43
2780200,65.69999695,-7,49.5,322,1,41.483975,-71.52590694,1,42
2781200,65.69999695,-1,49.5,322.75,1,41.483975,-71.52590694,1,42
2782200,65.69999695,-7,49.5,322.75,1,41.483975,-71.52590694,1,41
2783200,65.69999695,-7.25,49.5,322.75,1,41.483975,-71.52590694,1,40
2784200,65.69999695,-8.25,49.5,322.75,1,41.483975,-71.52590694,1,40
2785200,67.19999695,-7.5,49.5,322.75,1,41.48499917,-71.52595861,1,39
2786200,67.19999695,-8,49.5,323,1,41.48499917,-71.52595861,1,38
2787200,67.19999695,20.25,49.5,323.75,1,41.48499917,-71.52595861,1,37
2788200,67.19999695,20.25,49.5,328,1,41.48499917,-71.52595861,1,32
2789200,67.19999695,95,49.5,327.25,1,41.48499917,-71.52595861,1,21
2790200,67.19999695,64,49.5,324.5,1,41.48499917,-71.52595861,1,11
2791200,67.19999695,14.5,49.5,324.5,1,41.48499917,-71.52595861,1,11
2792200,67.19999695,-0.5,49.5,323.5,1,41.48499917,-71.52595861,1,7
2793200,67.19999695,-42,49.5,322,1,41.48499917,-71.52595861,1,9
2794200,67.19999695,-74,49.5,320,1,41.48499917,-71.52595861,1,17
2795200,67.19999695,-102.5,49.5,318.25,1,41.48499917,-71.52595861,1,26
2796200,64.69999695,-3.25,49.5,322.75,1,41.48564444,-71.52596917,1,31
2797200,64.69999695,-20.5,49.5,322.75,1,41.48564444,-71.52596917,1,30
2798200,64.69999695,-74,49.5,315.75,1,41.48564444,-71.52596917,1,36
2799200,64.69999695,-3.5,49,322.75,1,41.48564444,-71.52596917,1,37
2800200,64.69999695,-5.5,49,322.75,1,41.48564444,-71.52596917,1,38
2801200,64.69999695,-1.75,49,323,1,41.48564444,-71.52596917,1,37
2802200,64.69999695,-3.5,49,322.75,1,41.48564444,-71.52596917,1,37
2803200,64.69999695,-7.25,49,322.75,1,41.48564444,-71.52596917,1,37
2804200,64.69999695,-6.5,49,322.75,1,41.48564444,-71.52596917,1,37
2805200,64.69999695,-1,49,323,1,41.48564444,-71.52596917,1,36
2806200,66.59999847,-4.25,49,323,1,41.48653194,-71.52575722,1,36
2807200,66.59999847,0.5,49,322.75,1,41.48653194,-71.52575722,1,35
2808200,66.59999847,-5.5,49,322.75,1,41.48653194,-71.52575722,1,35
2809200,66.59999847,-6,49,323,1,41.48653194,-71.52575722,1,34
2810200,66.59999847,-6,49,322.75,1,41.48653194,-71.52575722,1,34
2811200,66.59999847,-6,49,321.25,1,41.48653194,-71.52575722,1,34
2812200,66.59999847,-44,49,321.25,1,41.48653194,-71.52575722,1,35
2813200,66.59999847,-44,49,323,1,41.48653194,-71.52575722,1,36
2814200,66.59999847,-6.75,49,323,1,41.48653194,-71.52575722,1,35
2815200,66.59999847,-16.25,49,323,1,41.48653194,-71.52575722,1,35
2816200,70.19999695,-3,49,322.5,1,41.48737611,-71.52543111,1,37
2817200,70.19999695,-3,49,323,1,41.48737611,-71.52543111,1,39
2818200,70.19999695,-38.5,49,321.75,1,41.48737611,-71.52543111,1,39
2819200,70.19999695,-38.5,49,321.75,1,41.48737611,-71.52543111,1,38
2820200,70.19999695,-0.25,49,321,1,41.48737611,-71.52543111,1,40
2821200,70.19999695,-3.5,49,323,1,41.48737611,-71.52543111,1,40
2822200,70.19999695,-3.5,49,323,1,41.48737611,-71.52543111,1,39
2823200,70.19999695,-4,49,323,1,41.48737611,-71.52543111,1,39
2824200,70.19999695,23.25,49,328,1,41.48737611,-71.52543111,1,38
2825200,70.19999695,15,49,328,1,41.48737611,-71.52543111,1,31
2826200,67.30000305,15,49,323,1,41.48827333,-71.52504444,1,24
2827200,67.30000305,-46.25,49,323,1,41.48827333,-71.52504444,1,22
2828200,67.30000305,-46.25,49,320.75,1,41.48827333,-71.52504444,1,24
2829200,67.30000305,-2.5,49,323,1,41.48827333,-71.52504444,1,28
2830200,67.30000305,-4.5,49,323,1,41.48827333,-71.52504444,1,29
2831200,67.30000305,11,49,323.25,1,41.48827333,-71.52504444,1,29
2832200,67.30000305,36.25,49,324.75,1,41.48827333,-71.52504444,1,28
2833200,67.30000305,36.25,49,323.5,1,41.48827333,-71.52504444,1,26
2834200,67.30000305,36.25,49,323.5,1,41.48827333,-71.52504444,1,22
2835200,67.30000305,-7,49,323,1,41.48827333,-71.52504444,1,20
2836200,67.09999847,-6.75,49,323,1,41.4885825,-71.52564778,1,20
2837200,67.09999847,-6.75,49,323,1,41.4885825,-71.52564778,1,20
2838200,67.09999847,-7.25,49,323,1,41.4885825,-71.52564778,1,20
2839200,67.09999847,-7.25,49,323.25,1,41.4885825,-71.52564778,1,20
2840200,67.09999847,12,49,323.25,1,41.4885825,-71.52564778,1,19
2841200,67.09999847,12,49,323.25,1,41.4885825,-71.52564778,1,19
2842200,67.09999847,-0.5,49,323.25,1,41.4885825,-71.52564778,1,19
2843200,67.09999847,-0.5,49,324,1,41.4885825,-71.52564778,1,19
2844200,67.09999847,17.75,49,324,1,41.4885825,-71.52564778,1,17
2845200,67.09999847,6,49,323.75,1,41.4885825,-71.52564778,1,16
2846200,60,18.75,49,323.75,1,41.48870778,-71.52613889,1,13
2847200,60,18.75,49,324.25,1,41.48870778,-71.52613889,1,9
2848200,60,-4.25,49,323.75,1,41.48870778,-71.52613889,1,6
2849200,60,-4.25,49,323.25,1,41.48870778,-71.52613889,1,2
2850200,60,-4.25,49,323.25,1,41.48870778,-71.52613889,1,0
2851200,60,-2,49,323.25,1,41.48870778,-71.52613889,1,0
2852200,60,-2,49,323.25,1,41.48870778,-71.52613889,1,0
2853200,60,-10,49,323.25,1,41.48870778,-71.52613889,1,2
2854200,60,-10,49,323,1,41.48870778,-71.52613889,1,2
2855200,60,-7.5,49,323,1,41.48870778,-71.52613889,1,2
2856200,63.79999924,-7.5,49,323,1,41.48868278,-71.52620667,1,2
2857200,63.79999924,-7.75,49,323,1,41.48868278,-71.52620667,1,2
2858200,63.79999924,-10.5,49,323,1,41.48868278,-71.52620667,1,2
2859200,63.79999924,-9,49,323,1,41.48868278,-71.52620667,1,2
2860200,63.79999924,-3.75,49,323.25,1,41.48868278,-71.52620667,1,1
2861200,63.79999924,-3.75,49,323.25,1,41.48868278,-71.52620667,1,1
2862200,63.79999924,-1.5,49,323.25,1,41.48868278,-71.52620667,1,2
2863200,63.79999924,-4,49,323.25,1,41.48868278,-71.52620667,1,2
2864200,63.79999924,-1.5,49,323.25,1,41.48868278,-71.52620667,1,2
2865200,63.79999924,-1.5,49,323.25,1,41.48868278,-71.52620667,1,1
2866200,63.79999924,-6.5,49,323,1,41.48868278,-71.52620667,1,0
2867200,63.79999924,-6.5,49,323,1,41.48868278,-71.52620667,1,0
2868200,63.79999924,-6.5,49,323,1,41.48868278,-71.52620667,1,0
2869200,63.79999924,-6.5,49,323,1,41.48868278,-71.52620667,1,0
2870200,63.79999924,-6.5,49,323,1,41.48868278,-71.52620667,1,0
2871200,63.79999924,-6.5,49,323,1,41.48868278,-71.52620667,1,0
2872200,63.79999924,-6.5,49,323,1,41.48868278,-71.52620667,1,0
2873200,63.79999924,-6.5,49,323,1,41.48868278,-71.52620667,1,0
2874200,63.79999924,-6.5,49,323,1,41.48868278,-71.52620667,1,0
2875200,63.79999924,-6.5,49,323,1,41.48868278,-71.52620667,1,0
